-0	0	-0.016	100
-0.01	4.856144533446631e-07	-0.01627359588783497	100
-0.02	5.524448116615738e-07	-0.01655221382056392	100
-0.03	6.20077133282951e-07	-0.01683594997021365	100
-0.04	6.885343506068514e-07	-0.01712490239154179	100
-0.05	7.578398614825152e-07	-0.01741917105917706	100
-0.06	8.280175410867002e-07	-0.01771885790554778	100
-0.07000000000000001	8.990917541533675e-07	-0.01802406685955996	100
-0.08	9.710873675626157e-07	-0.01833490388603974	100
-0.09000000000000001	1.04402976330701e-06	-0.01865147702595566	100
-0.1	1.117944851839639e-06	-0.01897389643743503	100
-0.11	1.192859085824548e-06	-0.01930227443759134	100
-0.12	1.268799474297239e-06	-0.01963672554517739	100
-0.13	1.345793597251162e-06	-0.01997736652408104	100
-0.14	1.423869620664614e-06	-0.02032431642767978	100
-0.15	1.503056311981793e-06	-0.02067769664407122	100
-0.16	1.583383056067362e-06	-0.02103763094219623	100
-0.17	1.664879871642595e-06	-0.02140424551887255	100
-0.18	1.747577428229599e-06	-0.02177766904675674	100
-0.19	1.831507063614753e-06	-0.02215803272325216	100
-0.2	1.916700801850239e-06	-0.02254547032038192	100
-0.21	2.003191371817635e-06	-0.02294011823564562	100
-0.22	2.091012226365976e-06	-0.02334211554387874	100
-0.23	2.180197562049044e-06	-0.02375160405013476	100
-0.24	2.270782339485396e-06	-0.02416872834360941	100
-0.25	2.362802304358067e-06	-0.02459363585262801	100
-0.26	2.456294009081663e-06	-0.02502647690071613	100
-0.27	2.551294835160384e-06	-0.0254674047637747	100
-0.28	2.647843016259455e-06	-0.02591657572838152	100
-0.29	2.745977662021736e-06	-0.02637414915124067	100
-0.3	2.845738782650601e-06	-0.02684028751980221	100
-0.31	2.947167314293714e-06	-0.02731515651407522	100
-0.32	3.050305145254459e-06	-0.02779892506965703	100
-0.33	3.155195143062176e-06	-0.02829176544200239	100
-0.34	3.261881182437113e-06	-0.02879385327195694	100
-0.35	3.370408174176588e-06	-0.02930536765257894	100
-0.36	3.480822095010088e-06	-0.02982649119727473	100
-0.37	3.593170018449436e-06	-0.03035741010927323	100
-0.38	3.707500146674106e-06	-0.03089831425246542	100
-0.39	3.82386184350094e-06	-0.03144939722363517	100
-0.4	3.942305668470967e-06	-0.03201085642610849	100
-0.41	4.062883412099581e-06	-0.03258289314484837	100
-0.42	4.185648132341552e-06	-0.03316571262302354	100
-0.43	4.310654192310593e-06	-0.03375952414007913	100
-0.44	4.437957299312267e-06	-0.03436454109133864	100
-0.45	4.567614545237901e-06	-0.03498098106916652	100
-0.46	4.699684448371934e-06	-0.03560906594572148	100
-0.47	4.834226996683032e-06	-0.03624902195733112	100
-0.48	4.971303692639277e-06	-0.03690107979051908	100
-0.49	5.11097759963237e-06	-0.03756547466971673	100
-0.5	5.25331339005496e-06	-0.03824244644669123	100
-0.51	5.398377395123358e-06	-0.03893223969172324	100
-0.52	5.54623765649573e-06	-0.0396351037865682	100
-0.53	5.696963979777191e-06	-0.04035129301923446	100
-0.54	5.85062798998231e-06	-0.04108106668061386	100
-0.55	6.007303189045375e-06	-0.0418246891629994	100
-0.5600000000000001	6.167065015455416e-06	-0.04258243006052707	100
-0.5700000000000001	6.329990906120979e-06	-0.04335456427157782	100
-0.5800000000000001	6.496160360544685e-06	-0.0441413721031769	100
-0.5900000000000001	6.665655007418988e-06	-0.04494313937742918	100
-0.6	6.838558673744753e-06	-0.04576015754002931	100
-0.61	7.0149574565856e-06	-0.04659272377088503	100
-0.62	7.194939797563655e-06	-0.04744114109689505	100
-0.63	7.378596560231368e-06	-0.04830571850692181	100
-0.64	7.566021110442112e-06	-0.04918677106900037	100
-0.65	7.757309399844467e-06	-0.0500846200498264	100
-0.66	7.95256005265295e-06	-0.05099959303656571	100
-0.67	8.151874455842505e-06	-0.05193202406102963	100
-0.68	8.355356852907464e-06	-0.05288225372626044	100
-0.6900000000000001	8.563114441360423e-06	-0.05385062933557241	100
-0.7000000000000001	8.775257474145145e-06	-0.05483750502409445	100
-0.7100000000000001	8.99189936513114e-06	-0.05584324189286124	100
-0.7200000000000001	9.213156798885113e-06	-0.05686820814550121	100
-0.73	9.439149844923308e-06	-0.057912779227569	100
-0.74	9.670002076642669e-06	-0.05897733796857213	100
-0.75	9.90584069516777e-06	-0.06006227472674255	100
-0.76	1.014679665832573e-05	-0.06116798753660365	100
-0.77	1.039300481500752e-05	-0.06229488225938477	100
-0.78	1.064460404517413e-05	-0.06344337273633593	100
-0.79	1.090173740576157e-05	-0.06461388094499666	100
-0.8	1.116455228279459e-05	-0.06580683715847363	100
-0.8100000000000001	1.143320054999014e-05	-0.06702268010778135	100
-0.8200000000000001	1.170783873418304e-05	-0.06826185714730486	100
-0.8300000000000001	1.198862818788852e-05	-0.06952482442343812	100
-0.8400000000000001	1.227573526938778e-05	-0.07081204704645956	100
-0.8500000000000001	1.256933153066709e-05	-0.07212399926570216	100
-0.86	1.286959391365537e-05	-0.07346116464807793	100
-0.87	1.31767049551146e-05	-0.07482403626001913	100
-0.88	1.349085300067888e-05	-0.07621311685289668	100
-0.89	1.381223242847733e-05	-0.07762891905197936	100
-0.9	1.414104388282562e-05	-0.07907196554899776	100
-0.91	1.447749451853177e-05	-0.0805427892983774	100
-0.92	1.482179825633002e-05	-0.08204193371720653	100
-0.93	1.517417605005366e-05	-0.0835699528890063	100
-0.9400000000000001	1.553485616614004e-05	-0.08512741177136979	100
-0.9500000000000001	1.590407447612166e-05	-0.08671488640753912	100
-0.9600000000000001	1.628207476280744e-05	-0.08833296414199082	100
-0.9700000000000001	1.666910904085445e-05	-0.08998224384009861	100
-0.9800000000000001	1.706543789251916e-05	-0.09166333611194605	100
-0.9900000000000001	1.747133081942594e-05	-0.09337686354036177	100
-1	1.788706661116171e-05	-0.09512346091325057	100
-1.01	1.831293373169277e-05	-0.09690377546029359	100
