1	0	0	-0.06036327588395469
1	0	0.1	-0.060282683145972
1	0	0.2	-0.06020225862127558
1	0	0.3	-0.06012200182814315
1	0	0.4	-0.0600419122866171
1	0	0.5	-0.05996198951848125
1	0	0.6000000000000001	-0.0598822330472834
1	0	0.7000000000000001	-0.05980264239828668
1	0	0.8	-0.05972321709849621
1	0	0.9	-0.05964395667662834
1	0	1	-0.05956486066312656
1	0	1.1	-0.05948592859011809
1	0	1.2	-0.05940715999146763
1	0	1.3	-0.05932855440267684
1	0	1.4	-0.05925011136097852
1	0	1.5	-0.05917183040526443
1	0	1.6	-0.05909371107607531
1	0	1.7	-0.05901575291564399
1	0	1.8	-0.05893795546784255
1	0	1.9	-0.05886031827818277
1	0	2	-0.05878284089383682
1	0	2.1	-0.05870552286358968
1	0	2.2	-0.05862836373784913
1	0	2.3	-0.05855136306867192
1	0	2.4	-0.05847452040966609
1	0	2.5	-0.0583978353161403
1	0	2.6	-0.05832130734487069
1	0	2.7	-0.05824493605433249
1	0	2.8	-0.05816872100454384
1	0	2.9	-0.0580926617570755
1	0	3	-0.05801675787514515
1	0	3.1	-0.05794100892338331
1	0	3.2	-0.05786541446815964
1	0	3.3	-0.05778997407726046
1	0	3.4	-0.05771468732006482
1	0	3.5	-0.05763955376747838
1	0	3.6	-0.05756457299193156
1	0	3.7	-0.05748974456738808
1	0	3.8	-0.05741506806932903
1	0	3.9	-0.05734054307468284
1	0	4	-0.05726616916202199
1	0	4.100000000000001	-0.05719194591124756
1	0	4.2	-0.05711787290385202
1	0	4.3	-0.05704394972276614
1	0	4.4	-0.05697017595246383
1	0	4.5	-0.0568965511788033
1	0	4.600000000000001	-0.05682307498916482
1	0	4.7	-0.05674974697234604
1	0	4.800000000000001	-0.05667656671857117
1	0	4.9	-0.05660353381974495
1	0	5	-0.05653064786877702
1	0	5.100000000000001	-0.05645790846033288
1	0	5.2	-0.05638531519049071
1	0	5.300000000000001	-0.05631286765666204
1	0	5.4	-0.0562405654576219
1	0	5.5	-0.0561684081937411
1	0	5.600000000000001	-0.05609639546646079
1	0	5.7	-0.05602452687919478
1	0	5.800000000000001	-0.05595280203596992
1	0	5.9	-0.05588122054293339
1	0	6	-0.05580978200711578
1	0	6.100000000000001	-0.05573848603709027
1	0	6.2	-0.05566733224290435
1	0	6.300000000000001	-0.05559632023583839
1	0	6.4	-0.05552544962852526
1	0	6.5	-0.05545472003491685
1	0	6.600000000000001	-0.05538413107047721
1	0	6.7	-0.05531368235175513
1	0	6.800000000000001	-0.05524337349700045
1	0	6.9	-0.05517320412527475
1	0	7	-0.05510317385750906
1	0	7.100000000000001	-0.0550332823154533
1	0	7.2	-0.05496352912257962
1	0	7.300000000000001	-0.05489391390336548
1	0	7.4	-0.05482443628395705
1	0	7.5	-0.05475509589117279
1	0	7.600000000000001	-0.05468589235374118
1	0	7.7	-0.05461682530136103
1	0	7.800000000000001	-0.05454789436507031
1	0	7.9	-0.05447909917717998
1	0	8	-0.05441043937126707
1	0	8.1	-0.05434191458210064
1	0	8.200000000000001	-0.05427352444604631
1	0	8.300000000000001	-0.0542052686000388
1	0	8.4	-0.05413714668301112
1	0	8.5	-0.05406915833451412
1	0	8.6	-0.05400130319574924
1	0	8.700000000000001	-0.05393358090915674
1	0	8.800000000000001	-0.05386599111803954
1	0	8.9	-0.05379853346728092
1	0	9	-0.05373120760268726
1	0	9.1	-0.05366401317134097
1	0	9.200000000000001	-0.05359694982198672
1	0	9.300000000000001	-0.05353001720396352
1	0	9.4	-0.05346321496795535
1	0	9.5	-0.05339654276590932
1	0	9.600000000000001	-0.05333000025103387
1	0	9.700000000000001	-0.0532635870777243
1	0	9.800000000000001	-0.05319730290147044
1	0	9.9	-0.05313114737876845
1	0	10	-0.05306512016719251
