1	0	0	5.995374217444337	0
1	0	0	5.958410741729558	0
1	0	0	5.884711682419383	0
1	0	0	5.774731418721884	0
1	0	0	5.629148015534905	0
1	0	0	5.448859042950488	0
1	0	0	5.234976042436783	0
1	0	0	4.988817673815271	0
1	0	0	4.71190158528447	0
1	0	0	4.405935056614114	0
1	0	0	4.07280447319765	0
1	0	0	3.714563695859004	0
1	0	0	3.333421398117614	0
1	0	0	2.93172744898173	0
1	0	0	2.511958425224569	0
1	0	0	2.076702342464958	0
1	0	0	1.628642699190446	0
1	0	0	1.17054193209677	0
1	0	0	0.7052243847470262	0
1	0	0	0.235558894554412	0

1	0	0.1	5.995374217444337	0
1	0	0.1	5.958410741729558	0
1	0	0.1	5.884711682419383	0
1	0	0.1	5.774731418721884	0
1	0	0.1	5.629148015534905	0
1	0	0.1	5.448859042950488	0
1	0	0.1	5.234976042436783	0
1	0	0.1	4.988817673815271	0
1	0	0.1	4.71190158528447	0
1	0	0.1	4.405935056614114	0
1	0	0.1	4.07280447319765	0
1	0	0.1	3.714563695859004	0
1	0	0.1	3.333421398117614	0
1	0	0.1	2.93172744898173	0
1	0	0.1	2.511958425224569	0
1	0	0.1	2.076702342464958	0
1	0	0.1	1.628642699190446	0
1	0	0.1	1.17054193209677	0
1	0	0.1	0.7052243847470262	0
1	0	0.1	0.235558894554412	0

1	0	0.2	5.995374217444337	0
1	0	0.2	5.958410741729558	0
1	0	0.2	5.884711682419383	0
1	0	0.2	5.774731418721884	0
1	0	0.2	5.629148015534905	0
1	0	0.2	5.448859042950488	0
1	0	0.2	5.234976042436783	0
1	0	0.2	4.988817673815271	0
1	0	0.2	4.71190158528447	0
1	0	0.2	4.405935056614114	0
1	0	0.2	4.07280447319765	0
1	0	0.2	3.714563695859004	0
1	0	0.2	3.333421398117614	0
1	0	0.2	2.93172744898173	0
1	0	0.2	2.511958425224569	0
1	0	0.2	2.076702342464958	0
1	0	0.2	1.628642699190446	0
1	0	0.2	1.17054193209677	0
1	0	0.2	0.7052243847470262	0
1	0	0.2	0.235558894554412	0

1	0	0.3	5.995374217444337	0
1	0	0.3	5.958410741729558	0
1	0	0.3	5.884711682419383	0
1	0	0.3	5.774731418721884	0
1	0	0.3	5.629148015534905	0
1	0	0.3	5.448859042950488	0
1	0	0.3	5.234976042436783	0
1	0	0.3	4.988817673815271	0
1	0	0.3	4.71190158528447	0
1	0	0.3	4.405935056614114	0
1	0	0.3	4.07280447319765	0
1	0	0.3	3.714563695859004	0
1	0	0.3	3.333421398117614	0
1	0	0.3	2.93172744898173	0
1	0	0.3	2.511958425224569	0
1	0	0.3	2.076702342464958	0
1	0	0.3	1.628642699190446	0
1	0	0.3	1.17054193209677	0
1	0	0.3	0.7052243847470262	0
1	0	0.3	0.235558894554412	0

1	0	0.4	5.995374217444337	0
1	0	0.4	5.958410741729558	0
1	0	0.4	5.884711682419383	0
1	0	0.4	5.774731418721884	0
1	0	0.4	5.629148015534905	0
1	0	0.4	5.448859042950488	0
1	0	0.4	5.234976042436783	0
1	0	0.4	4.988817673815271	0
1	0	0.4	4.71190158528447	0
1	0	0.4	4.405935056614114	0
1	0	0.4	4.07280447319765	0
1	0	0.4	3.714563695859004	0
1	0	0.4	3.333421398117614	0
1	0	0.4	2.93172744898173	0
1	0	0.4	2.511958425224569	0
1	0	0.4	2.076702342464958	0
1	0	0.4	1.628642699190446	0
1	0	0.4	1.17054193209677	0
1	0	0.4	0.7052243847470262	0
1	0	0.4	0.235558894554412	0

1	0	0.5	5.995374217444337	0
1	0	0.5	5.958410741729558	0
1	0	0.5	5.884711682419383	0
1	0	0.5	5.774731418721884	0
1	0	0.5	5.629148015534905	0
1	0	0.5	5.448859042950488	0
1	0	0.5	5.234976042436783	0
1	0	0.5	4.988817673815271	0
1	0	0.5	4.71190158528447	0
1	0	0.5	4.405935056614114	0
1	0	0.5	4.07280447319765	0
1	0	0.5	3.714563695859004	0
1	0	0.5	3.333421398117614	0
1	0	0.5	2.93172744898173	0
1	0	0.5	2.511958425224569	0
1	0	0.5	2.076702342464958	0
1	0	0.5	1.628642699190446	0
1	0	0.5	1.17054193209677	0
1	0	0.5	0.7052243847470262	0
1	0	0.5	0.235558894554412	0

1	0	0.6000000000000001	5.995374217444337	0
1	0	0.6000000000000001	5.958410741729558	0
1	0	0.6000000000000001	5.884711682419383	0
1	0	0.6000000000000001	5.774731418721884	0
1	0	0.6000000000000001	5.629148015534905	0
1	0	0.6000000000000001	5.448859042950488	0
1	0	0.6000000000000001	5.234976042436783	0
1	0	0.6000000000000001	4.988817673815271	0
1	0	0.6000000000000001	4.71190158528447	0
1	0	0.6000000000000001	4.405935056614114	0
1	0	0.6000000000000001	4.07280447319765	0
1	0	0.6000000000000001	3.714563695859004	0
1	0	0.6000000000000001	3.333421398117614	0
1	0	0.6000000000000001	2.93172744898173	0
1	0	0.6000000000000001	2.511958425224569	0
1	0	0.6000000000000001	2.076702342464958	0
1	0	0.6000000000000001	1.628642699190446	0
1	0	0.6000000000000001	1.17054193209677	0
1	0	0.6000000000000001	0.7052243847470262	0
1	0	0.6000000000000001	0.235558894554412	0

1	0	0.7000000000000001	5.995374217444337	0
1	0	0.7000000000000001	5.958410741729558	0
1	0	0.7000000000000001	5.884711682419383	0
1	0	0.7000000000000001	5.774731418721884	0
1	0	0.7000000000000001	5.629148015534905	0
1	0	0.7000000000000001	5.448859042950488	0
1	0	0.7000000000000001	5.234976042436783	0
1	0	0.7000000000000001	4.988817673815271	0
1	0	0.7000000000000001	4.71190158528447	0
1	0	0.7000000000000001	4.405935056614114	0
1	0	0.7000000000000001	4.07280447319765	0
1	0	0.7000000000000001	3.714563695859004	0
1	0	0.7000000000000001	3.333421398117614	0
1	0	0.7000000000000001	2.93172744898173	0
1	0	0.7000000000000001	2.511958425224569	0
1	0	0.7000000000000001	2.076702342464958	0
1	0	0.7000000000000001	1.628642699190446	0
1	0	0.7000000000000001	1.17054193209677	0
1	0	0.7000000000000001	0.7052243847470262	0
1	0	0.7000000000000001	0.235558894554412	0

1	0	0.8	5.995374217444337	0
1	0	0.8	5.958410741729558	0
1	0	0.8	5.884711682419383	0
1	0	0.8	5.774731418721884	0
1	0	0.8	5.629148015534905	0
1	0	0.8	5.448859042950488	0
1	0	0.8	5.234976042436783	0
1	0	0.8	4.988817673815271	0
1	0	0.8	4.71190158528447	0
1	0	0.8	4.405935056614114	0
1	0	0.8	4.07280447319765	0
1	0	0.8	3.714563695859004	0
1	0	0.8	3.333421398117614	0
1	0	0.8	2.93172744898173	0
1	0	0.8	2.511958425224569	0
1	0	0.8	2.076702342464958	0
1	0	0.8	1.628642699190446	0
1	0	0.8	1.17054193209677	0
1	0	0.8	0.7052243847470262	0
1	0	0.8	0.235558894554412	0

1	0	0.9	5.995374217444337	0
1	0	0.9	5.958410741729558	0
1	0	0.9	5.884711682419383	0
1	0	0.9	5.774731418721884	0
1	0	0.9	5.629148015534905	0
1	0	0.9	5.448859042950488	0
1	0	0.9	5.234976042436783	0
1	0	0.9	4.988817673815271	0
1	0	0.9	4.71190158528447	0
1	0	0.9	4.405935056614114	0
1	0	0.9	4.07280447319765	0
1	0	0.9	3.714563695859004	0
1	0	0.9	3.333421398117614	0
1	0	0.9	2.93172744898173	0
1	0	0.9	2.511958425224569	0
1	0	0.9	2.076702342464958	0
1	0	0.9	1.628642699190446	0
1	0	0.9	1.17054193209677	0
1	0	0.9	0.7052243847470262	0
1	0	0.9	0.235558894554412	0

1	0	1	5.995374217444337	0
1	0	1	5.958410741729558	0
1	0	1	5.884711682419383	0
1	0	1	5.774731418721884	0
1	0	1	5.629148015534905	0
1	0	1	5.448859042950488	0
1	0	1	5.234976042436783	0
1	0	1	4.988817673815271	0
1	0	1	4.71190158528447	0
1	0	1	4.405935056614114	0
1	0	1	4.07280447319765	0
1	0	1	3.714563695859004	0
1	0	1	3.333421398117614	0
1	0	1	2.93172744898173	0
1	0	1	2.511958425224569	0
1	0	1	2.076702342464958	0
1	0	1	1.628642699190446	0
1	0	1	1.17054193209677	0
1	0	1	0.7052243847470262	0
1	0	1	0.235558894554412	0

1	0	1.1	5.995374217444337	0
1	0	1.1	5.958410741729558	0
1	0	1.1	5.884711682419383	0
1	0	1.1	5.774731418721884	0
1	0	1.1	5.629148015534905	0
1	0	1.1	5.448859042950488	0
1	0	1.1	5.234976042436783	0
1	0	1.1	4.988817673815271	0
1	0	1.1	4.71190158528447	0
1	0	1.1	4.405935056614114	0
1	0	1.1	4.07280447319765	0
1	0	1.1	3.714563695859004	0
1	0	1.1	3.333421398117614	0
1	0	1.1	2.93172744898173	0
1	0	1.1	2.511958425224569	0
1	0	1.1	2.076702342464958	0
1	0	1.1	1.628642699190446	0
1	0	1.1	1.17054193209677	0
1	0	1.1	0.7052243847470262	0
1	0	1.1	0.235558894554412	0

1	0	1.2	5.995374217444337	0
1	0	1.2	5.958410741729558	0
1	0	1.2	5.884711682419383	0
1	0	1.2	5.774731418721884	0
1	0	1.2	5.629148015534905	0
1	0	1.2	5.448859042950488	0
1	0	1.2	5.234976042436783	0
1	0	1.2	4.988817673815271	0
1	0	1.2	4.71190158528447	0
1	0	1.2	4.405935056614114	0
1	0	1.2	4.07280447319765	0
1	0	1.2	3.714563695859004	0
1	0	1.2	3.333421398117614	0
1	0	1.2	2.93172744898173	0
1	0	1.2	2.511958425224569	0
1	0	1.2	2.076702342464958	0
1	0	1.2	1.628642699190446	0
1	0	1.2	1.17054193209677	0
1	0	1.2	0.7052243847470262	0
1	0	1.2	0.235558894554412	0

1	0	1.3	5.995374217444337	0
1	0	1.3	5.958410741729558	0
1	0	1.3	5.884711682419383	0
1	0	1.3	5.774731418721884	0
1	0	1.3	5.629148015534905	0
1	0	1.3	5.448859042950488	0
1	0	1.3	5.234976042436783	0
1	0	1.3	4.988817673815271	0
1	0	1.3	4.71190158528447	0
1	0	1.3	4.405935056614114	0
1	0	1.3	4.07280447319765	0
1	0	1.3	3.714563695859004	0
1	0	1.3	3.333421398117614	0
1	0	1.3	2.93172744898173	0
1	0	1.3	2.511958425224569	0
1	0	1.3	2.076702342464958	0
1	0	1.3	1.628642699190446	0
1	0	1.3	1.17054193209677	0
1	0	1.3	0.7052243847470262	0
1	0	1.3	0.235558894554412	0

1	0	1.4	5.995374217444337	0
1	0	1.4	5.958410741729558	0
1	0	1.4	5.884711682419383	0
1	0	1.4	5.774731418721884	0
1	0	1.4	5.629148015534905	0
1	0	1.4	5.448859042950488	0
1	0	1.4	5.234976042436783	0
1	0	1.4	4.988817673815271	0
1	0	1.4	4.71190158528447	0
1	0	1.4	4.405935056614114	0
1	0	1.4	4.07280447319765	0
1	0	1.4	3.714563695859004	0
1	0	1.4	3.333421398117614	0
1	0	1.4	2.93172744898173	0
1	0	1.4	2.511958425224569	0
1	0	1.4	2.076702342464958	0
1	0	1.4	1.628642699190446	0
1	0	1.4	1.17054193209677	0
1	0	1.4	0.7052243847470262	0
1	0	1.4	0.235558894554412	0

1	0	1.5	5.995374217444337	0
1	0	1.5	5.958410741729558	0
1	0	1.5	5.884711682419383	0
1	0	1.5	5.774731418721884	0
1	0	1.5	5.629148015534905	0
1	0	1.5	5.448859042950488	0
1	0	1.5	5.234976042436783	0
1	0	1.5	4.988817673815271	0
1	0	1.5	4.71190158528447	0
1	0	1.5	4.405935056614114	0
1	0	1.5	4.07280447319765	0
1	0	1.5	3.714563695859004	0
1	0	1.5	3.333421398117614	0
1	0	1.5	2.93172744898173	0
1	0	1.5	2.511958425224569	0
1	0	1.5	2.076702342464958	0
1	0	1.5	1.628642699190446	0
1	0	1.5	1.17054193209677	0
1	0	1.5	0.7052243847470262	0
1	0	1.5	0.235558894554412	0

1	0	1.6	5.995374217444337	0
1	0	1.6	5.958410741729558	0
1	0	1.6	5.884711682419383	0
1	0	1.6	5.774731418721884	0
1	0	1.6	5.629148015534905	0
1	0	1.6	5.448859042950488	0
1	0	1.6	5.234976042436783	0
1	0	1.6	4.988817673815271	0
1	0	1.6	4.71190158528447	0
1	0	1.6	4.405935056614114	0
1	0	1.6	4.07280447319765	0
1	0	1.6	3.714563695859004	0
1	0	1.6	3.333421398117614	0
1	0	1.6	2.93172744898173	0
1	0	1.6	2.511958425224569	0
1	0	1.6	2.076702342464958	0
1	0	1.6	1.628642699190446	0
1	0	1.6	1.17054193209677	0
1	0	1.6	0.7052243847470262	0
1	0	1.6	0.235558894554412	0

1	0	1.7	5.995374217444337	0
1	0	1.7	5.958410741729558	0
1	0	1.7	5.884711682419383	0
1	0	1.7	5.774731418721884	0
1	0	1.7	5.629148015534905	0
1	0	1.7	5.448859042950488	0
1	0	1.7	5.234976042436783	0
1	0	1.7	4.988817673815271	0
1	0	1.7	4.71190158528447	0
1	0	1.7	4.405935056614114	0
1	0	1.7	4.07280447319765	0
1	0	1.7	3.714563695859004	0
1	0	1.7	3.333421398117614	0
1	0	1.7	2.93172744898173	0
1	0	1.7	2.511958425224569	0
1	0	1.7	2.076702342464958	0
1	0	1.7	1.628642699190446	0
1	0	1.7	1.17054193209677	0
1	0	1.7	0.7052243847470262	0
1	0	1.7	0.235558894554412	0

1	0	1.8	5.995374217444337	0
1	0	1.8	5.958410741729558	0
1	0	1.8	5.884711682419383	0
1	0	1.8	5.774731418721884	0
1	0	1.8	5.629148015534905	0
1	0	1.8	5.448859042950488	0
1	0	1.8	5.234976042436783	0
1	0	1.8	4.988817673815271	0
1	0	1.8	4.71190158528447	0
1	0	1.8	4.405935056614114	0
1	0	1.8	4.07280447319765	0
1	0	1.8	3.714563695859004	0
1	0	1.8	3.333421398117614	0
1	0	1.8	2.93172744898173	0
1	0	1.8	2.511958425224569	0
1	0	1.8	2.076702342464958	0
1	0	1.8	1.628642699190446	0
1	0	1.8	1.17054193209677	0
1	0	1.8	0.7052243847470262	0
1	0	1.8	0.235558894554412	0

1	0	1.9	5.995374217444337	0
1	0	1.9	5.958410741729558	0
1	0	1.9	5.884711682419383	0
1	0	1.9	5.774731418721884	0
1	0	1.9	5.629148015534905	0
1	0	1.9	5.448859042950488	0
1	0	1.9	5.234976042436783	0
1	0	1.9	4.988817673815271	0
1	0	1.9	4.71190158528447	0
1	0	1.9	4.405935056614114	0
1	0	1.9	4.07280447319765	0
1	0	1.9	3.714563695859004	0
1	0	1.9	3.333421398117614	0
1	0	1.9	2.93172744898173	0
1	0	1.9	2.511958425224569	0
1	0	1.9	2.076702342464958	0
1	0	1.9	1.628642699190446	0
1	0	1.9	1.17054193209677	0
1	0	1.9	0.7052243847470262	0
1	0	1.9	0.235558894554412	0

1	0	2	5.995374217444337	0
1	0	2	5.958410741729558	0
1	0	2	5.884711682419383	0
1	0	2	5.774731418721884	0
1	0	2	5.629148015534905	0
1	0	2	5.448859042950488	0
1	0	2	5.234976042436783	0
1	0	2	4.988817673815271	0
1	0	2	4.71190158528447	0
1	0	2	4.405935056614114	0
1	0	2	4.07280447319765	0
1	0	2	3.714563695859004	0
1	0	2	3.333421398117614	0
1	0	2	2.93172744898173	0
1	0	2	2.511958425224569	0
1	0	2	2.076702342464958	0
1	0	2	1.628642699190446	0
1	0	2	1.17054193209677	0
1	0	2	0.7052243847470262	0
1	0	2	0.235558894554412	0

1	0	2.1	5.995374217444337	0
1	0	2.1	5.958410741729558	0
1	0	2.1	5.884711682419383	0
1	0	2.1	5.774731418721884	0
1	0	2.1	5.629148015534905	0
1	0	2.1	5.448859042950488	0
1	0	2.1	5.234976042436783	0
1	0	2.1	4.988817673815271	0
1	0	2.1	4.71190158528447	0
1	0	2.1	4.405935056614114	0
1	0	2.1	4.07280447319765	0
1	0	2.1	3.714563695859004	0
1	0	2.1	3.333421398117614	0
1	0	2.1	2.93172744898173	0
1	0	2.1	2.511958425224569	0
1	0	2.1	2.076702342464958	0
1	0	2.1	1.628642699190446	0
1	0	2.1	1.17054193209677	0
1	0	2.1	0.7052243847470262	0
1	0	2.1	0.235558894554412	0

1	0	2.2	5.995374217444337	0
1	0	2.2	5.958410741729558	0
1	0	2.2	5.884711682419383	0
1	0	2.2	5.774731418721884	0
1	0	2.2	5.629148015534905	0
1	0	2.2	5.448859042950488	0
1	0	2.2	5.234976042436783	0
1	0	2.2	4.988817673815271	0
1	0	2.2	4.71190158528447	0
1	0	2.2	4.405935056614114	0
1	0	2.2	4.07280447319765	0
1	0	2.2	3.714563695859004	0
1	0	2.2	3.333421398117614	0
1	0	2.2	2.93172744898173	0
1	0	2.2	2.511958425224569	0
1	0	2.2	2.076702342464958	0
1	0	2.2	1.628642699190446	0
1	0	2.2	1.17054193209677	0
1	0	2.2	0.7052243847470262	0
1	0	2.2	0.235558894554412	0

1	0	2.3	5.995374217444337	0
1	0	2.3	5.958410741729558	0
1	0	2.3	5.884711682419383	0
1	0	2.3	5.774731418721884	0
1	0	2.3	5.629148015534905	0
1	0	2.3	5.448859042950488	0
1	0	2.3	5.234976042436783	0
1	0	2.3	4.988817673815271	0
1	0	2.3	4.71190158528447	0
1	0	2.3	4.405935056614114	0
1	0	2.3	4.07280447319765	0
1	0	2.3	3.714563695859004	0
1	0	2.3	3.333421398117614	0
1	0	2.3	2.93172744898173	0
1	0	2.3	2.511958425224569	0
1	0	2.3	2.076702342464958	0
1	0	2.3	1.628642699190446	0
1	0	2.3	1.17054193209677	0
1	0	2.3	0.7052243847470262	0
1	0	2.3	0.235558894554412	0

1	0	2.4	5.995374217444337	0
1	0	2.4	5.958410741729558	0
1	0	2.4	5.884711682419383	0
1	0	2.4	5.774731418721884	0
1	0	2.4	5.629148015534905	0
1	0	2.4	5.448859042950488	0
1	0	2.4	5.234976042436783	0
1	0	2.4	4.988817673815271	0
1	0	2.4	4.71190158528447	0
1	0	2.4	4.405935056614114	0
1	0	2.4	4.07280447319765	0
1	0	2.4	3.714563695859004	0
1	0	2.4	3.333421398117614	0
1	0	2.4	2.93172744898173	0
1	0	2.4	2.511958425224569	0
1	0	2.4	2.076702342464958	0
1	0	2.4	1.628642699190446	0
1	0	2.4	1.17054193209677	0
1	0	2.4	0.7052243847470262	0
1	0	2.4	0.235558894554412	0

1	0	2.5	5.995374217444337	0
1	0	2.5	5.958410741729558	0
1	0	2.5	5.884711682419383	0
1	0	2.5	5.774731418721884	0
1	0	2.5	5.629148015534905	0
1	0	2.5	5.448859042950488	0
1	0	2.5	5.234976042436783	0
1	0	2.5	4.988817673815271	0
1	0	2.5	4.71190158528447	0
1	0	2.5	4.405935056614114	0
1	0	2.5	4.07280447319765	0
1	0	2.5	3.714563695859004	0
1	0	2.5	3.333421398117614	0
1	0	2.5	2.93172744898173	0
1	0	2.5	2.511958425224569	0
1	0	2.5	2.076702342464958	0
1	0	2.5	1.628642699190446	0
1	0	2.5	1.17054193209677	0
1	0	2.5	0.7052243847470262	0
1	0	2.5	0.235558894554412	0

1	0	2.6	5.995374217444337	0
1	0	2.6	5.958410741729558	0
1	0	2.6	5.884711682419383	0
1	0	2.6	5.774731418721884	0
1	0	2.6	5.629148015534905	0
1	0	2.6	5.448859042950488	0
1	0	2.6	5.234976042436783	0
1	0	2.6	4.988817673815271	0
1	0	2.6	4.71190158528447	0
1	0	2.6	4.405935056614114	0
1	0	2.6	4.07280447319765	0
1	0	2.6	3.714563695859004	0
1	0	2.6	3.333421398117614	0
1	0	2.6	2.93172744898173	0
1	0	2.6	2.511958425224569	0
1	0	2.6	2.076702342464958	0
1	0	2.6	1.628642699190446	0
1	0	2.6	1.17054193209677	0
1	0	2.6	0.7052243847470262	0
1	0	2.6	0.235558894554412	0

1	0	2.7	5.995374217444337	0
1	0	2.7	5.958410741729558	0
1	0	2.7	5.884711682419383	0
1	0	2.7	5.774731418721884	0
1	0	2.7	5.629148015534905	0
1	0	2.7	5.448859042950488	0
1	0	2.7	5.234976042436783	0
1	0	2.7	4.988817673815271	0
1	0	2.7	4.71190158528447	0
1	0	2.7	4.405935056614114	0
1	0	2.7	4.07280447319765	0
1	0	2.7	3.714563695859004	0
1	0	2.7	3.333421398117614	0
1	0	2.7	2.93172744898173	0
1	0	2.7	2.511958425224569	0
1	0	2.7	2.076702342464958	0
1	0	2.7	1.628642699190446	0
1	0	2.7	1.17054193209677	0
1	0	2.7	0.7052243847470262	0
1	0	2.7	0.235558894554412	0

1	0	2.8	5.995374217444337	0
1	0	2.8	5.958410741729558	0
1	0	2.8	5.884711682419383	0
1	0	2.8	5.774731418721884	0
1	0	2.8	5.629148015534905	0
1	0	2.8	5.448859042950488	0
1	0	2.8	5.234976042436783	0
1	0	2.8	4.988817673815271	0
1	0	2.8	4.71190158528447	0
1	0	2.8	4.405935056614114	0
1	0	2.8	4.07280447319765	0
1	0	2.8	3.714563695859004	0
1	0	2.8	3.333421398117614	0
1	0	2.8	2.93172744898173	0
1	0	2.8	2.511958425224569	0
1	0	2.8	2.076702342464958	0
1	0	2.8	1.628642699190446	0
1	0	2.8	1.17054193209677	0
1	0	2.8	0.7052243847470262	0
1	0	2.8	0.235558894554412	0

1	0	2.9	5.995374217444337	0
1	0	2.9	5.958410741729558	0
1	0	2.9	5.884711682419383	0
1	0	2.9	5.774731418721884	0
1	0	2.9	5.629148015534905	0
1	0	2.9	5.448859042950488	0
1	0	2.9	5.234976042436783	0
1	0	2.9	4.988817673815271	0
1	0	2.9	4.71190158528447	0
1	0	2.9	4.405935056614114	0
1	0	2.9	4.07280447319765	0
1	0	2.9	3.714563695859004	0
1	0	2.9	3.333421398117614	0
1	0	2.9	2.93172744898173	0
1	0	2.9	2.511958425224569	0
1	0	2.9	2.076702342464958	0
1	0	2.9	1.628642699190446	0
1	0	2.9	1.17054193209677	0
1	0	2.9	0.7052243847470262	0
1	0	2.9	0.235558894554412	0

1	0	3	5.995374217444337	0
1	0	3	5.958410741729558	0
1	0	3	5.884711682419383	0
1	0	3	5.774731418721884	0
1	0	3	5.629148015534905	0
1	0	3	5.448859042950488	0
1	0	3	5.234976042436783	0
1	0	3	4.988817673815271	0
1	0	3	4.71190158528447	0
1	0	3	4.405935056614114	0
1	0	3	4.07280447319765	0
1	0	3	3.714563695859004	0
1	0	3	3.333421398117614	0
1	0	3	2.93172744898173	0
1	0	3	2.511958425224569	0
1	0	3	2.076702342464958	0
1	0	3	1.628642699190446	0
1	0	3	1.17054193209677	0
1	0	3	0.7052243847470262	0
1	0	3	0.235558894554412	0

1	0	3.1	5.995374217444337	0
1	0	3.1	5.958410741729558	0
1	0	3.1	5.884711682419383	0
1	0	3.1	5.774731418721884	0
1	0	3.1	5.629148015534905	0
1	0	3.1	5.448859042950488	0
1	0	3.1	5.234976042436783	0
1	0	3.1	4.988817673815271	0
1	0	3.1	4.71190158528447	0
1	0	3.1	4.405935056614114	0
1	0	3.1	4.07280447319765	0
1	0	3.1	3.714563695859004	0
1	0	3.1	3.333421398117614	0
1	0	3.1	2.93172744898173	0
1	0	3.1	2.511958425224569	0
1	0	3.1	2.076702342464958	0
1	0	3.1	1.628642699190446	0
1	0	3.1	1.17054193209677	0
1	0	3.1	0.7052243847470262	0
1	0	3.1	0.235558894554412	0

1	0	3.2	5.995374217444337	0
1	0	3.2	5.958410741729558	0
1	0	3.2	5.884711682419383	0
1	0	3.2	5.774731418721884	0
1	0	3.2	5.629148015534905	0
1	0	3.2	5.448859042950488	0
1	0	3.2	5.234976042436783	0
1	0	3.2	4.988817673815271	0
1	0	3.2	4.71190158528447	0
1	0	3.2	4.405935056614114	0
1	0	3.2	4.07280447319765	0
1	0	3.2	3.714563695859004	0
1	0	3.2	3.333421398117614	0
1	0	3.2	2.93172744898173	0
1	0	3.2	2.511958425224569	0
1	0	3.2	2.076702342464958	0
1	0	3.2	1.628642699190446	0
1	0	3.2	1.17054193209677	0
1	0	3.2	0.7052243847470262	0
1	0	3.2	0.235558894554412	0

1	0	3.3	5.995374217444337	0
1	0	3.3	5.958410741729558	0
1	0	3.3	5.884711682419383	0
1	0	3.3	5.774731418721884	0
1	0	3.3	5.629148015534905	0
1	0	3.3	5.448859042950488	0
1	0	3.3	5.234976042436783	0
1	0	3.3	4.988817673815271	0
1	0	3.3	4.71190158528447	0
1	0	3.3	4.405935056614114	0
1	0	3.3	4.07280447319765	0
1	0	3.3	3.714563695859004	0
1	0	3.3	3.333421398117614	0
1	0	3.3	2.93172744898173	0
1	0	3.3	2.511958425224569	0
1	0	3.3	2.076702342464958	0
1	0	3.3	1.628642699190446	0
1	0	3.3	1.17054193209677	0
1	0	3.3	0.7052243847470262	0
1	0	3.3	0.235558894554412	0

1	0	3.4	5.995374217444337	0
1	0	3.4	5.958410741729558	0
1	0	3.4	5.884711682419383	0
1	0	3.4	5.774731418721884	0
1	0	3.4	5.629148015534905	0
1	0	3.4	5.448859042950488	0
1	0	3.4	5.234976042436783	0
1	0	3.4	4.988817673815271	0
1	0	3.4	4.71190158528447	0
1	0	3.4	4.405935056614114	0
1	0	3.4	4.07280447319765	0
1	0	3.4	3.714563695859004	0
1	0	3.4	3.333421398117614	0
1	0	3.4	2.93172744898173	0
1	0	3.4	2.511958425224569	0
1	0	3.4	2.076702342464958	0
1	0	3.4	1.628642699190446	0
1	0	3.4	1.17054193209677	0
1	0	3.4	0.7052243847470262	0
1	0	3.4	0.235558894554412	0

1	0	3.5	5.995374217444337	0
1	0	3.5	5.958410741729558	0
1	0	3.5	5.884711682419383	0
1	0	3.5	5.774731418721884	0
1	0	3.5	5.629148015534905	0
1	0	3.5	5.448859042950488	0
1	0	3.5	5.234976042436783	0
1	0	3.5	4.988817673815271	0
1	0	3.5	4.71190158528447	0
1	0	3.5	4.405935056614114	0
1	0	3.5	4.07280447319765	0
1	0	3.5	3.714563695859004	0
1	0	3.5	3.333421398117614	0
1	0	3.5	2.93172744898173	0
1	0	3.5	2.511958425224569	0
1	0	3.5	2.076702342464958	0
1	0	3.5	1.628642699190446	0
1	0	3.5	1.17054193209677	0
1	0	3.5	0.7052243847470262	0
1	0	3.5	0.235558894554412	0

1	0	3.6	5.995374217444337	0
1	0	3.6	5.958410741729558	0
1	0	3.6	5.884711682419383	0
1	0	3.6	5.774731418721884	0
1	0	3.6	5.629148015534905	0
1	0	3.6	5.448859042950488	0
1	0	3.6	5.234976042436783	0
1	0	3.6	4.988817673815271	0
1	0	3.6	4.71190158528447	0
1	0	3.6	4.405935056614114	0
1	0	3.6	4.07280447319765	0
1	0	3.6	3.714563695859004	0
1	0	3.6	3.333421398117614	0
1	0	3.6	2.93172744898173	0
1	0	3.6	2.511958425224569	0
1	0	3.6	2.076702342464958	0
1	0	3.6	1.628642699190446	0
1	0	3.6	1.17054193209677	0
1	0	3.6	0.7052243847470262	0
1	0	3.6	0.235558894554412	0

1	0	3.7	5.995374217444337	0
1	0	3.7	5.958410741729558	0
1	0	3.7	5.884711682419383	0
1	0	3.7	5.774731418721884	0
1	0	3.7	5.629148015534905	0
1	0	3.7	5.448859042950488	0
1	0	3.7	5.234976042436783	0
1	0	3.7	4.988817673815271	0
1	0	3.7	4.71190158528447	0
1	0	3.7	4.405935056614114	0
1	0	3.7	4.07280447319765	0
1	0	3.7	3.714563695859004	0
1	0	3.7	3.333421398117614	0
1	0	3.7	2.93172744898173	0
1	0	3.7	2.511958425224569	0
1	0	3.7	2.076702342464958	0
1	0	3.7	1.628642699190446	0
1	0	3.7	1.17054193209677	0
1	0	3.7	0.7052243847470262	0
1	0	3.7	0.235558894554412	0

1	0	3.8	5.995374217444337	0
1	0	3.8	5.958410741729558	0
1	0	3.8	5.884711682419383	0
1	0	3.8	5.774731418721884	0
1	0	3.8	5.629148015534905	0
1	0	3.8	5.448859042950488	0
1	0	3.8	5.234976042436783	0
1	0	3.8	4.988817673815271	0
1	0	3.8	4.71190158528447	0
1	0	3.8	4.405935056614114	0
1	0	3.8	4.07280447319765	0
1	0	3.8	3.714563695859004	0
1	0	3.8	3.333421398117614	0
1	0	3.8	2.93172744898173	0
1	0	3.8	2.511958425224569	0
1	0	3.8	2.076702342464958	0
1	0	3.8	1.628642699190446	0
1	0	3.8	1.17054193209677	0
1	0	3.8	0.7052243847470262	0
1	0	3.8	0.235558894554412	0

1	0	3.9	5.995374217444337	0
1	0	3.9	5.958410741729558	0
1	0	3.9	5.884711682419383	0
1	0	3.9	5.774731418721884	0
1	0	3.9	5.629148015534905	0
1	0	3.9	5.448859042950488	0
1	0	3.9	5.234976042436783	0
1	0	3.9	4.988817673815271	0
1	0	3.9	4.71190158528447	0
1	0	3.9	4.405935056614114	0
1	0	3.9	4.07280447319765	0
1	0	3.9	3.714563695859004	0
1	0	3.9	3.333421398117614	0
1	0	3.9	2.93172744898173	0
1	0	3.9	2.511958425224569	0
1	0	3.9	2.076702342464958	0
1	0	3.9	1.628642699190446	0
1	0	3.9	1.17054193209677	0
1	0	3.9	0.7052243847470262	0
1	0	3.9	0.235558894554412	0

1	0	4	5.995374217444337	0
1	0	4	5.958410741729558	0
1	0	4	5.884711682419383	0
1	0	4	5.774731418721884	0
1	0	4	5.629148015534905	0
1	0	4	5.448859042950488	0
1	0	4	5.234976042436783	0
1	0	4	4.988817673815271	0
1	0	4	4.71190158528447	0
1	0	4	4.405935056614114	0
1	0	4	4.07280447319765	0
1	0	4	3.714563695859004	0
1	0	4	3.333421398117614	0
1	0	4	2.93172744898173	0
1	0	4	2.511958425224569	0
1	0	4	2.076702342464958	0
1	0	4	1.628642699190446	0
1	0	4	1.17054193209677	0
1	0	4	0.7052243847470262	0
1	0	4	0.235558894554412	0

1	0	4.100000000000001	5.995374217444337	0
1	0	4.100000000000001	5.958410741729558	0
1	0	4.100000000000001	5.884711682419383	0
1	0	4.100000000000001	5.774731418721884	0
1	0	4.100000000000001	5.629148015534905	0
1	0	4.100000000000001	5.448859042950488	0
1	0	4.100000000000001	5.234976042436783	0
1	0	4.100000000000001	4.988817673815271	0
1	0	4.100000000000001	4.71190158528447	0
1	0	4.100000000000001	4.405935056614114	0
1	0	4.100000000000001	4.07280447319765	0
1	0	4.100000000000001	3.714563695859004	0
1	0	4.100000000000001	3.333421398117614	0
1	0	4.100000000000001	2.93172744898173	0
1	0	4.100000000000001	2.511958425224569	0
1	0	4.100000000000001	2.076702342464958	0
1	0	4.100000000000001	1.628642699190446	0
1	0	4.100000000000001	1.17054193209677	0
1	0	4.100000000000001	0.7052243847470262	0
1	0	4.100000000000001	0.235558894554412	0

1	0	4.2	5.995374217444337	0
1	0	4.2	5.958410741729558	0
1	0	4.2	5.884711682419383	0
1	0	4.2	5.774731418721884	0
1	0	4.2	5.629148015534905	0
1	0	4.2	5.448859042950488	0
1	0	4.2	5.234976042436783	0
1	0	4.2	4.988817673815271	0
1	0	4.2	4.71190158528447	0
1	0	4.2	4.405935056614114	0
1	0	4.2	4.07280447319765	0
1	0	4.2	3.714563695859004	0
1	0	4.2	3.333421398117614	0
1	0	4.2	2.93172744898173	0
1	0	4.2	2.511958425224569	0
1	0	4.2	2.076702342464958	0
1	0	4.2	1.628642699190446	0
1	0	4.2	1.17054193209677	0
1	0	4.2	0.7052243847470262	0
1	0	4.2	0.235558894554412	0

1	0	4.3	5.995374217444337	0
1	0	4.3	5.958410741729558	0
1	0	4.3	5.884711682419383	0
1	0	4.3	5.774731418721884	0
1	0	4.3	5.629148015534905	0
1	0	4.3	5.448859042950488	0
1	0	4.3	5.234976042436783	0
1	0	4.3	4.988817673815271	0
1	0	4.3	4.71190158528447	0
1	0	4.3	4.405935056614114	0
1	0	4.3	4.07280447319765	0
1	0	4.3	3.714563695859004	0
1	0	4.3	3.333421398117614	0
1	0	4.3	2.93172744898173	0
1	0	4.3	2.511958425224569	0
1	0	4.3	2.076702342464958	0
1	0	4.3	1.628642699190446	0
1	0	4.3	1.17054193209677	0
1	0	4.3	0.7052243847470262	0
1	0	4.3	0.235558894554412	0

1	0	4.4	5.995374217444337	0
1	0	4.4	5.958410741729558	0
1	0	4.4	5.884711682419383	0
1	0	4.4	5.774731418721884	0
1	0	4.4	5.629148015534905	0
1	0	4.4	5.448859042950488	0
1	0	4.4	5.234976042436783	0
1	0	4.4	4.988817673815271	0
1	0	4.4	4.71190158528447	0
1	0	4.4	4.405935056614114	0
1	0	4.4	4.07280447319765	0
1	0	4.4	3.714563695859004	0
1	0	4.4	3.333421398117614	0
1	0	4.4	2.93172744898173	0
1	0	4.4	2.511958425224569	0
1	0	4.4	2.076702342464958	0
1	0	4.4	1.628642699190446	0
1	0	4.4	1.17054193209677	0
1	0	4.4	0.7052243847470262	0
1	0	4.4	0.235558894554412	0

1	0	4.5	5.995374217444337	0
1	0	4.5	5.958410741729558	0
1	0	4.5	5.884711682419383	0
1	0	4.5	5.774731418721884	0
1	0	4.5	5.629148015534905	0
1	0	4.5	5.448859042950488	0
1	0	4.5	5.234976042436783	0
1	0	4.5	4.988817673815271	0
1	0	4.5	4.71190158528447	0
1	0	4.5	4.405935056614114	0
1	0	4.5	4.07280447319765	0
1	0	4.5	3.714563695859004	0
1	0	4.5	3.333421398117614	0
1	0	4.5	2.93172744898173	0
1	0	4.5	2.511958425224569	0
1	0	4.5	2.076702342464958	0
1	0	4.5	1.628642699190446	0
1	0	4.5	1.17054193209677	0
1	0	4.5	0.7052243847470262	0
1	0	4.5	0.235558894554412	0

1	0	4.600000000000001	5.995374217444337	0
1	0	4.600000000000001	5.958410741729558	0
1	0	4.600000000000001	5.884711682419383	0
1	0	4.600000000000001	5.774731418721884	0
1	0	4.600000000000001	5.629148015534905	0
1	0	4.600000000000001	5.448859042950488	0
1	0	4.600000000000001	5.234976042436783	0
1	0	4.600000000000001	4.988817673815271	0
1	0	4.600000000000001	4.71190158528447	0
1	0	4.600000000000001	4.405935056614114	0
1	0	4.600000000000001	4.07280447319765	0
1	0	4.600000000000001	3.714563695859004	0
1	0	4.600000000000001	3.333421398117614	0
1	0	4.600000000000001	2.93172744898173	0
1	0	4.600000000000001	2.511958425224569	0
1	0	4.600000000000001	2.076702342464958	0
1	0	4.600000000000001	1.628642699190446	0
1	0	4.600000000000001	1.17054193209677	0
1	0	4.600000000000001	0.7052243847470262	0
1	0	4.600000000000001	0.235558894554412	0

1	0	4.7	5.995374217444337	0
1	0	4.7	5.958410741729558	0
1	0	4.7	5.884711682419383	0
1	0	4.7	5.774731418721884	0
1	0	4.7	5.629148015534905	0
1	0	4.7	5.448859042950488	0
1	0	4.7	5.234976042436783	0
1	0	4.7	4.988817673815271	0
1	0	4.7	4.71190158528447	0
1	0	4.7	4.405935056614114	0
1	0	4.7	4.07280447319765	0
1	0	4.7	3.714563695859004	0
1	0	4.7	3.333421398117614	0
1	0	4.7	2.93172744898173	0
1	0	4.7	2.511958425224569	0
1	0	4.7	2.076702342464958	0
1	0	4.7	1.628642699190446	0
1	0	4.7	1.17054193209677	0
1	0	4.7	0.7052243847470262	0
1	0	4.7	0.235558894554412	0

1	0	4.800000000000001	5.995374217444337	0
1	0	4.800000000000001	5.958410741729558	0
1	0	4.800000000000001	5.884711682419383	0
1	0	4.800000000000001	5.774731418721884	0
1	0	4.800000000000001	5.629148015534905	0
1	0	4.800000000000001	5.448859042950488	0
1	0	4.800000000000001	5.234976042436783	0
1	0	4.800000000000001	4.988817673815271	0
1	0	4.800000000000001	4.71190158528447	0
1	0	4.800000000000001	4.405935056614114	0
1	0	4.800000000000001	4.07280447319765	0
1	0	4.800000000000001	3.714563695859004	0
1	0	4.800000000000001	3.333421398117614	0
1	0	4.800000000000001	2.93172744898173	0
1	0	4.800000000000001	2.511958425224569	0
1	0	4.800000000000001	2.076702342464958	0
1	0	4.800000000000001	1.628642699190446	0
1	0	4.800000000000001	1.17054193209677	0
1	0	4.800000000000001	0.7052243847470262	0
1	0	4.800000000000001	0.235558894554412	0

1	0	4.9	5.995374217444337	0
1	0	4.9	5.958410741729558	0
1	0	4.9	5.884711682419383	0
1	0	4.9	5.774731418721884	0
1	0	4.9	5.629148015534905	0
1	0	4.9	5.448859042950488	0
1	0	4.9	5.234976042436783	0
1	0	4.9	4.988817673815271	0
1	0	4.9	4.71190158528447	0
1	0	4.9	4.405935056614114	0
1	0	4.9	4.07280447319765	0
1	0	4.9	3.714563695859004	0
1	0	4.9	3.333421398117614	0
1	0	4.9	2.93172744898173	0
1	0	4.9	2.511958425224569	0
1	0	4.9	2.076702342464958	0
1	0	4.9	1.628642699190446	0
1	0	4.9	1.17054193209677	0
1	0	4.9	0.7052243847470262	0
1	0	4.9	0.235558894554412	0

1	0	5	5.995374217444337	0
1	0	5	5.958410741729558	0
1	0	5	5.884711682419383	0
1	0	5	5.774731418721884	0
1	0	5	5.629148015534905	0
1	0	5	5.448859042950488	0
1	0	5	5.234976042436783	0
1	0	5	4.988817673815271	0
1	0	5	4.71190158528447	0
1	0	5	4.405935056614114	0
1	0	5	4.07280447319765	0
1	0	5	3.714563695859004	0
1	0	5	3.333421398117614	0
1	0	5	2.93172744898173	0
1	0	5	2.511958425224569	0
1	0	5	2.076702342464958	0
1	0	5	1.628642699190446	0
1	0	5	1.17054193209677	0
1	0	5	0.7052243847470262	0
1	0	5	0.235558894554412	0

1	0	5.100000000000001	5.995374217444337	0
1	0	5.100000000000001	5.958410741729558	0
1	0	5.100000000000001	5.884711682419383	0
1	0	5.100000000000001	5.774731418721884	0
1	0	5.100000000000001	5.629148015534905	0
1	0	5.100000000000001	5.448859042950488	0
1	0	5.100000000000001	5.234976042436783	0
1	0	5.100000000000001	4.988817673815271	0
1	0	5.100000000000001	4.71190158528447	0
1	0	5.100000000000001	4.405935056614114	0
1	0	5.100000000000001	4.07280447319765	0
1	0	5.100000000000001	3.714563695859004	0
1	0	5.100000000000001	3.333421398117614	0
1	0	5.100000000000001	2.93172744898173	0
1	0	5.100000000000001	2.511958425224569	0
1	0	5.100000000000001	2.076702342464958	0
1	0	5.100000000000001	1.628642699190446	0
1	0	5.100000000000001	1.17054193209677	0
1	0	5.100000000000001	0.7052243847470262	0
1	0	5.100000000000001	0.235558894554412	0

1	0	5.2	5.995374217444337	0
1	0	5.2	5.958410741729558	0
1	0	5.2	5.884711682419383	0
1	0	5.2	5.774731418721884	0
1	0	5.2	5.629148015534905	0
1	0	5.2	5.448859042950488	0
1	0	5.2	5.234976042436783	0
1	0	5.2	4.988817673815271	0
1	0	5.2	4.71190158528447	0
1	0	5.2	4.405935056614114	0
1	0	5.2	4.07280447319765	0
1	0	5.2	3.714563695859004	0
1	0	5.2	3.333421398117614	0
1	0	5.2	2.93172744898173	0
1	0	5.2	2.511958425224569	0
1	0	5.2	2.076702342464958	0
1	0	5.2	1.628642699190446	0
1	0	5.2	1.17054193209677	0
1	0	5.2	0.7052243847470262	0
1	0	5.2	0.235558894554412	0

1	0	5.300000000000001	5.995374217444337	0
1	0	5.300000000000001	5.958410741729558	0
1	0	5.300000000000001	5.884711682419383	0
1	0	5.300000000000001	5.774731418721884	0
1	0	5.300000000000001	5.629148015534905	0
1	0	5.300000000000001	5.448859042950488	0
1	0	5.300000000000001	5.234976042436783	0
1	0	5.300000000000001	4.988817673815271	0
1	0	5.300000000000001	4.71190158528447	0
1	0	5.300000000000001	4.405935056614114	0
1	0	5.300000000000001	4.07280447319765	0
1	0	5.300000000000001	3.714563695859004	0
1	0	5.300000000000001	3.333421398117614	0
1	0	5.300000000000001	2.93172744898173	0
1	0	5.300000000000001	2.511958425224569	0
1	0	5.300000000000001	2.076702342464958	0
1	0	5.300000000000001	1.628642699190446	0
1	0	5.300000000000001	1.17054193209677	0
1	0	5.300000000000001	0.7052243847470262	0
1	0	5.300000000000001	0.235558894554412	0

1	0	5.4	5.995374217444337	0
1	0	5.4	5.958410741729558	0
1	0	5.4	5.884711682419383	0
1	0	5.4	5.774731418721884	0
1	0	5.4	5.629148015534905	0
1	0	5.4	5.448859042950488	0
1	0	5.4	5.234976042436783	0
1	0	5.4	4.988817673815271	0
1	0	5.4	4.71190158528447	0
1	0	5.4	4.405935056614114	0
1	0	5.4	4.07280447319765	0
1	0	5.4	3.714563695859004	0
1	0	5.4	3.333421398117614	0
1	0	5.4	2.93172744898173	0
1	0	5.4	2.511958425224569	0
1	0	5.4	2.076702342464958	0
1	0	5.4	1.628642699190446	0
1	0	5.4	1.17054193209677	0
1	0	5.4	0.7052243847470262	0
1	0	5.4	0.235558894554412	0

1	0	5.5	5.995374217444337	0
1	0	5.5	5.958410741729558	0
1	0	5.5	5.884711682419383	0
1	0	5.5	5.774731418721884	0
1	0	5.5	5.629148015534905	0
1	0	5.5	5.448859042950488	0
1	0	5.5	5.234976042436783	0
1	0	5.5	4.988817673815271	0
1	0	5.5	4.71190158528447	0
1	0	5.5	4.405935056614114	0
1	0	5.5	4.07280447319765	0
1	0	5.5	3.714563695859004	0
1	0	5.5	3.333421398117614	0
1	0	5.5	2.93172744898173	0
1	0	5.5	2.511958425224569	0
1	0	5.5	2.076702342464958	0
1	0	5.5	1.628642699190446	0
1	0	5.5	1.17054193209677	0
1	0	5.5	0.7052243847470262	0
1	0	5.5	0.235558894554412	0

1	0	5.600000000000001	5.995374217444337	0
1	0	5.600000000000001	5.958410741729558	0
1	0	5.600000000000001	5.884711682419383	0
1	0	5.600000000000001	5.774731418721884	0
1	0	5.600000000000001	5.629148015534905	0
1	0	5.600000000000001	5.448859042950488	0
1	0	5.600000000000001	5.234976042436783	0
1	0	5.600000000000001	4.988817673815271	0
1	0	5.600000000000001	4.71190158528447	0
1	0	5.600000000000001	4.405935056614114	0
1	0	5.600000000000001	4.07280447319765	0
1	0	5.600000000000001	3.714563695859004	0
1	0	5.600000000000001	3.333421398117614	0
1	0	5.600000000000001	2.93172744898173	0
1	0	5.600000000000001	2.511958425224569	0
1	0	5.600000000000001	2.076702342464958	0
1	0	5.600000000000001	1.628642699190446	0
1	0	5.600000000000001	1.17054193209677	0
1	0	5.600000000000001	0.7052243847470262	0
1	0	5.600000000000001	0.235558894554412	0

1	0	5.7	5.995374217444337	0
1	0	5.7	5.958410741729558	0
1	0	5.7	5.884711682419383	0
1	0	5.7	5.774731418721884	0
1	0	5.7	5.629148015534905	0
1	0	5.7	5.448859042950488	0
1	0	5.7	5.234976042436783	0
1	0	5.7	4.988817673815271	0
1	0	5.7	4.71190158528447	0
1	0	5.7	4.405935056614114	0
1	0	5.7	4.07280447319765	0
1	0	5.7	3.714563695859004	0
1	0	5.7	3.333421398117614	0
1	0	5.7	2.93172744898173	0
1	0	5.7	2.511958425224569	0
1	0	5.7	2.076702342464958	0
1	0	5.7	1.628642699190446	0
1	0	5.7	1.17054193209677	0
1	0	5.7	0.7052243847470262	0
1	0	5.7	0.235558894554412	0

1	0	5.800000000000001	5.995374217444337	0
1	0	5.800000000000001	5.958410741729558	0
1	0	5.800000000000001	5.884711682419383	0
1	0	5.800000000000001	5.774731418721884	0
1	0	5.800000000000001	5.629148015534905	0
1	0	5.800000000000001	5.448859042950488	0
1	0	5.800000000000001	5.234976042436783	0
1	0	5.800000000000001	4.988817673815271	0
1	0	5.800000000000001	4.71190158528447	0
1	0	5.800000000000001	4.405935056614114	0
1	0	5.800000000000001	4.07280447319765	0
1	0	5.800000000000001	3.714563695859004	0
1	0	5.800000000000001	3.333421398117614	0
1	0	5.800000000000001	2.93172744898173	0
1	0	5.800000000000001	2.511958425224569	0
1	0	5.800000000000001	2.076702342464958	0
1	0	5.800000000000001	1.628642699190446	0
1	0	5.800000000000001	1.17054193209677	0
1	0	5.800000000000001	0.7052243847470262	0
1	0	5.800000000000001	0.235558894554412	0

1	0	5.9	5.995374217444337	0
1	0	5.9	5.958410741729558	0
1	0	5.9	5.884711682419383	0
1	0	5.9	5.774731418721884	0
1	0	5.9	5.629148015534905	0
1	0	5.9	5.448859042950488	0
1	0	5.9	5.234976042436783	0
1	0	5.9	4.988817673815271	0
1	0	5.9	4.71190158528447	0
1	0	5.9	4.405935056614114	0
1	0	5.9	4.07280447319765	0
1	0	5.9	3.714563695859004	0
1	0	5.9	3.333421398117614	0
1	0	5.9	2.93172744898173	0
1	0	5.9	2.511958425224569	0
1	0	5.9	2.076702342464958	0
1	0	5.9	1.628642699190446	0
1	0	5.9	1.17054193209677	0
1	0	5.9	0.7052243847470262	0
1	0	5.9	0.235558894554412	0

1	0	6	5.995374217444337	0
1	0	6	5.958410741729558	0
1	0	6	5.884711682419383	0
1	0	6	5.774731418721884	0
1	0	6	5.629148015534905	0
1	0	6	5.448859042950488	0
1	0	6	5.234976042436783	0
1	0	6	4.988817673815271	0
1	0	6	4.71190158528447	0
1	0	6	4.405935056614114	0
1	0	6	4.07280447319765	0
1	0	6	3.714563695859004	0
1	0	6	3.333421398117614	0
1	0	6	2.93172744898173	0
1	0	6	2.511958425224569	0
1	0	6	2.076702342464958	0
1	0	6	1.628642699190446	0
1	0	6	1.17054193209677	0
1	0	6	0.7052243847470262	0
1	0	6	0.235558894554412	0

1	0	6.100000000000001	5.995374217444337	0
1	0	6.100000000000001	5.958410741729558	0
1	0	6.100000000000001	5.884711682419383	0
1	0	6.100000000000001	5.774731418721884	0
1	0	6.100000000000001	5.629148015534905	0
1	0	6.100000000000001	5.448859042950488	0
1	0	6.100000000000001	5.234976042436783	0
1	0	6.100000000000001	4.988817673815271	0
1	0	6.100000000000001	4.71190158528447	0
1	0	6.100000000000001	4.405935056614114	0
1	0	6.100000000000001	4.07280447319765	0
1	0	6.100000000000001	3.714563695859004	0
1	0	6.100000000000001	3.333421398117614	0
1	0	6.100000000000001	2.93172744898173	0
1	0	6.100000000000001	2.511958425224569	0
1	0	6.100000000000001	2.076702342464958	0
1	0	6.100000000000001	1.628642699190446	0
1	0	6.100000000000001	1.17054193209677	0
1	0	6.100000000000001	0.7052243847470262	0
1	0	6.100000000000001	0.235558894554412	0

1	0	6.2	5.995374217444337	0
1	0	6.2	5.958410741729558	0
1	0	6.2	5.884711682419383	0
1	0	6.2	5.774731418721884	0
1	0	6.2	5.629148015534905	0
1	0	6.2	5.448859042950488	0
1	0	6.2	5.234976042436783	0
1	0	6.2	4.988817673815271	0
1	0	6.2	4.71190158528447	0
1	0	6.2	4.405935056614114	0
1	0	6.2	4.07280447319765	0
1	0	6.2	3.714563695859004	0
1	0	6.2	3.333421398117614	0
1	0	6.2	2.93172744898173	0
1	0	6.2	2.511958425224569	0
1	0	6.2	2.076702342464958	0
1	0	6.2	1.628642699190446	0
1	0	6.2	1.17054193209677	0
1	0	6.2	0.7052243847470262	0
1	0	6.2	0.235558894554412	0

1	0	6.300000000000001	5.995374217444337	0
1	0	6.300000000000001	5.958410741729558	0
1	0	6.300000000000001	5.884711682419383	0
1	0	6.300000000000001	5.774731418721884	0
1	0	6.300000000000001	5.629148015534905	0
1	0	6.300000000000001	5.448859042950488	0
1	0	6.300000000000001	5.234976042436783	0
1	0	6.300000000000001	4.988817673815271	0
1	0	6.300000000000001	4.71190158528447	0
1	0	6.300000000000001	4.405935056614114	0
1	0	6.300000000000001	4.07280447319765	0
1	0	6.300000000000001	3.714563695859004	0
1	0	6.300000000000001	3.333421398117614	0
1	0	6.300000000000001	2.93172744898173	0
1	0	6.300000000000001	2.511958425224569	0
1	0	6.300000000000001	2.076702342464958	0
1	0	6.300000000000001	1.628642699190446	0
1	0	6.300000000000001	1.17054193209677	0
1	0	6.300000000000001	0.7052243847470262	0
1	0	6.300000000000001	0.235558894554412	0

1	0	6.4	5.995374217444337	0
1	0	6.4	5.958410741729558	0
1	0	6.4	5.884711682419383	0
1	0	6.4	5.774731418721884	0
1	0	6.4	5.629148015534905	0
1	0	6.4	5.448859042950488	0
1	0	6.4	5.234976042436783	0
1	0	6.4	4.988817673815271	0
1	0	6.4	4.71190158528447	0
1	0	6.4	4.405935056614114	0
1	0	6.4	4.07280447319765	0
1	0	6.4	3.714563695859004	0
1	0	6.4	3.333421398117614	0
1	0	6.4	2.93172744898173	0
1	0	6.4	2.511958425224569	0
1	0	6.4	2.076702342464958	0
1	0	6.4	1.628642699190446	0
1	0	6.4	1.17054193209677	0
1	0	6.4	0.7052243847470262	0
1	0	6.4	0.235558894554412	0

1	0	6.5	5.995374217444337	0
1	0	6.5	5.958410741729558	0
1	0	6.5	5.884711682419383	0
1	0	6.5	5.774731418721884	0
1	0	6.5	5.629148015534905	0
1	0	6.5	5.448859042950488	0
1	0	6.5	5.234976042436783	0
1	0	6.5	4.988817673815271	0
1	0	6.5	4.71190158528447	0
1	0	6.5	4.405935056614114	0
1	0	6.5	4.07280447319765	0
1	0	6.5	3.714563695859004	0
1	0	6.5	3.333421398117614	0
1	0	6.5	2.93172744898173	0
1	0	6.5	2.511958425224569	0
1	0	6.5	2.076702342464958	0
1	0	6.5	1.628642699190446	0
1	0	6.5	1.17054193209677	0
1	0	6.5	0.7052243847470262	0
1	0	6.5	0.235558894554412	0

1	0	6.600000000000001	5.995374217444337	0
1	0	6.600000000000001	5.958410741729558	0
1	0	6.600000000000001	5.884711682419383	0
1	0	6.600000000000001	5.774731418721884	0
1	0	6.600000000000001	5.629148015534905	0
1	0	6.600000000000001	5.448859042950488	0
1	0	6.600000000000001	5.234976042436783	0
1	0	6.600000000000001	4.988817673815271	0
1	0	6.600000000000001	4.71190158528447	0
1	0	6.600000000000001	4.405935056614114	0
1	0	6.600000000000001	4.07280447319765	0
1	0	6.600000000000001	3.714563695859004	0
1	0	6.600000000000001	3.333421398117614	0
1	0	6.600000000000001	2.93172744898173	0
1	0	6.600000000000001	2.511958425224569	0
1	0	6.600000000000001	2.076702342464958	0
1	0	6.600000000000001	1.628642699190446	0
1	0	6.600000000000001	1.17054193209677	0
1	0	6.600000000000001	0.7052243847470262	0
1	0	6.600000000000001	0.235558894554412	0

1	0	6.7	5.995374217444337	0
1	0	6.7	5.958410741729558	0
1	0	6.7	5.884711682419383	0
1	0	6.7	5.774731418721884	0
1	0	6.7	5.629148015534905	0
1	0	6.7	5.448859042950488	0
1	0	6.7	5.234976042436783	0
1	0	6.7	4.988817673815271	0
1	0	6.7	4.71190158528447	0
1	0	6.7	4.405935056614114	0
1	0	6.7	4.07280447319765	0
1	0	6.7	3.714563695859004	0
1	0	6.7	3.333421398117614	0
1	0	6.7	2.93172744898173	0
1	0	6.7	2.511958425224569	0
1	0	6.7	2.076702342464958	0
1	0	6.7	1.628642699190446	0
1	0	6.7	1.17054193209677	0
1	0	6.7	0.7052243847470262	0
1	0	6.7	0.235558894554412	0

1	0	6.800000000000001	5.995374217444337	0
1	0	6.800000000000001	5.958410741729558	0
1	0	6.800000000000001	5.884711682419383	0
1	0	6.800000000000001	5.774731418721884	0
1	0	6.800000000000001	5.629148015534905	0
1	0	6.800000000000001	5.448859042950488	0
1	0	6.800000000000001	5.234976042436783	0
1	0	6.800000000000001	4.988817673815271	0
1	0	6.800000000000001	4.71190158528447	0
1	0	6.800000000000001	4.405935056614114	0
1	0	6.800000000000001	4.07280447319765	0
1	0	6.800000000000001	3.714563695859004	0
1	0	6.800000000000001	3.333421398117614	0
1	0	6.800000000000001	2.93172744898173	0
1	0	6.800000000000001	2.511958425224569	0
1	0	6.800000000000001	2.076702342464958	0
1	0	6.800000000000001	1.628642699190446	0
1	0	6.800000000000001	1.17054193209677	0
1	0	6.800000000000001	0.7052243847470262	0
1	0	6.800000000000001	0.235558894554412	0

1	0	6.9	5.995374217444337	0
1	0	6.9	5.958410741729558	0
1	0	6.9	5.884711682419383	0
1	0	6.9	5.774731418721884	0
1	0	6.9	5.629148015534905	0
1	0	6.9	5.448859042950488	0
1	0	6.9	5.234976042436783	0
1	0	6.9	4.988817673815271	0
1	0	6.9	4.71190158528447	0
1	0	6.9	4.405935056614114	0
1	0	6.9	4.07280447319765	0
1	0	6.9	3.714563695859004	0
1	0	6.9	3.333421398117614	0
1	0	6.9	2.93172744898173	0
1	0	6.9	2.511958425224569	0
1	0	6.9	2.076702342464958	0
1	0	6.9	1.628642699190446	0
1	0	6.9	1.17054193209677	0
1	0	6.9	0.7052243847470262	0
1	0	6.9	0.235558894554412	0

1	0	7	5.995374217444337	0
1	0	7	5.958410741729558	0
1	0	7	5.884711682419383	0
1	0	7	5.774731418721884	0
1	0	7	5.629148015534905	0
1	0	7	5.448859042950488	0
1	0	7	5.234976042436783	0
1	0	7	4.988817673815271	0
1	0	7	4.71190158528447	0
1	0	7	4.405935056614114	0
1	0	7	4.07280447319765	0
1	0	7	3.714563695859004	0
1	0	7	3.333421398117614	0
1	0	7	2.93172744898173	0
1	0	7	2.511958425224569	0
1	0	7	2.076702342464958	0
1	0	7	1.628642699190446	0
1	0	7	1.17054193209677	0
1	0	7	0.7052243847470262	0
1	0	7	0.235558894554412	0

1	0	7.100000000000001	5.995374217444337	0
1	0	7.100000000000001	5.958410741729558	0
1	0	7.100000000000001	5.884711682419383	0
1	0	7.100000000000001	5.774731418721884	0
1	0	7.100000000000001	5.629148015534905	0
1	0	7.100000000000001	5.448859042950488	0
1	0	7.100000000000001	5.234976042436783	0
1	0	7.100000000000001	4.988817673815271	0
1	0	7.100000000000001	4.71190158528447	0
1	0	7.100000000000001	4.405935056614114	0
1	0	7.100000000000001	4.07280447319765	0
1	0	7.100000000000001	3.714563695859004	0
1	0	7.100000000000001	3.333421398117614	0
1	0	7.100000000000001	2.93172744898173	0
1	0	7.100000000000001	2.511958425224569	0
1	0	7.100000000000001	2.076702342464958	0
1	0	7.100000000000001	1.628642699190446	0
1	0	7.100000000000001	1.17054193209677	0
1	0	7.100000000000001	0.7052243847470262	0
1	0	7.100000000000001	0.235558894554412	0

1	0	7.2	5.995374217444337	0
1	0	7.2	5.958410741729558	0
1	0	7.2	5.884711682419383	0
1	0	7.2	5.774731418721884	0
1	0	7.2	5.629148015534905	0
1	0	7.2	5.448859042950488	0
1	0	7.2	5.234976042436783	0
1	0	7.2	4.988817673815271	0
1	0	7.2	4.71190158528447	0
1	0	7.2	4.405935056614114	0
1	0	7.2	4.07280447319765	0
1	0	7.2	3.714563695859004	0
1	0	7.2	3.333421398117614	0
1	0	7.2	2.93172744898173	0
1	0	7.2	2.511958425224569	0
1	0	7.2	2.076702342464958	0
1	0	7.2	1.628642699190446	0
1	0	7.2	1.17054193209677	0
1	0	7.2	0.7052243847470262	0
1	0	7.2	0.235558894554412	0

1	0	7.300000000000001	5.995374217444337	0
1	0	7.300000000000001	5.958410741729558	0
1	0	7.300000000000001	5.884711682419383	0
1	0	7.300000000000001	5.774731418721884	0
1	0	7.300000000000001	5.629148015534905	0
1	0	7.300000000000001	5.448859042950488	0
1	0	7.300000000000001	5.234976042436783	0
1	0	7.300000000000001	4.988817673815271	0
1	0	7.300000000000001	4.71190158528447	0
1	0	7.300000000000001	4.405935056614114	0
1	0	7.300000000000001	4.07280447319765	0
1	0	7.300000000000001	3.714563695859004	0
1	0	7.300000000000001	3.333421398117614	0
1	0	7.300000000000001	2.93172744898173	0
1	0	7.300000000000001	2.511958425224569	0
1	0	7.300000000000001	2.076702342464958	0
1	0	7.300000000000001	1.628642699190446	0
1	0	7.300000000000001	1.17054193209677	0
1	0	7.300000000000001	0.7052243847470262	0
1	0	7.300000000000001	0.235558894554412	0

1	0	7.4	5.995374217444337	0
1	0	7.4	5.958410741729558	0
1	0	7.4	5.884711682419383	0
1	0	7.4	5.774731418721884	0
1	0	7.4	5.629148015534905	0
1	0	7.4	5.448859042950488	0
1	0	7.4	5.234976042436783	0
1	0	7.4	4.988817673815271	0
1	0	7.4	4.71190158528447	0
1	0	7.4	4.405935056614114	0
1	0	7.4	4.07280447319765	0
1	0	7.4	3.714563695859004	0
1	0	7.4	3.333421398117614	0
1	0	7.4	2.93172744898173	0
1	0	7.4	2.511958425224569	0
1	0	7.4	2.076702342464958	0
1	0	7.4	1.628642699190446	0
1	0	7.4	1.17054193209677	0
1	0	7.4	0.7052243847470262	0
1	0	7.4	0.235558894554412	0

1	0	7.5	5.995374217444337	0
1	0	7.5	5.958410741729558	0
1	0	7.5	5.884711682419383	0
1	0	7.5	5.774731418721884	0
1	0	7.5	5.629148015534905	0
1	0	7.5	5.448859042950488	0
1	0	7.5	5.234976042436783	0
1	0	7.5	4.988817673815271	0
1	0	7.5	4.71190158528447	0
1	0	7.5	4.405935056614114	0
1	0	7.5	4.07280447319765	0
1	0	7.5	3.714563695859004	0
1	0	7.5	3.333421398117614	0
1	0	7.5	2.93172744898173	0
1	0	7.5	2.511958425224569	0
1	0	7.5	2.076702342464958	0
1	0	7.5	1.628642699190446	0
1	0	7.5	1.17054193209677	0
1	0	7.5	0.7052243847470262	0
1	0	7.5	0.235558894554412	0

1	0	7.600000000000001	5.995374217444337	0
1	0	7.600000000000001	5.958410741729558	0
1	0	7.600000000000001	5.884711682419383	0
1	0	7.600000000000001	5.774731418721884	0
1	0	7.600000000000001	5.629148015534905	0
1	0	7.600000000000001	5.448859042950488	0
1	0	7.600000000000001	5.234976042436783	0
1	0	7.600000000000001	4.988817673815271	0
1	0	7.600000000000001	4.71190158528447	0
1	0	7.600000000000001	4.405935056614114	0
1	0	7.600000000000001	4.07280447319765	0
1	0	7.600000000000001	3.714563695859004	0
1	0	7.600000000000001	3.333421398117614	0
1	0	7.600000000000001	2.93172744898173	0
1	0	7.600000000000001	2.511958425224569	0
1	0	7.600000000000001	2.076702342464958	0
1	0	7.600000000000001	1.628642699190446	0
1	0	7.600000000000001	1.17054193209677	0
1	0	7.600000000000001	0.7052243847470262	0
1	0	7.600000000000001	0.235558894554412	0

1	0	7.7	5.995374217444337	0
1	0	7.7	5.958410741729558	0
1	0	7.7	5.884711682419383	0
1	0	7.7	5.774731418721884	0
1	0	7.7	5.629148015534905	0
1	0	7.7	5.448859042950488	0
1	0	7.7	5.234976042436783	0
1	0	7.7	4.988817673815271	0
1	0	7.7	4.71190158528447	0
1	0	7.7	4.405935056614114	0
1	0	7.7	4.07280447319765	0
1	0	7.7	3.714563695859004	0
1	0	7.7	3.333421398117614	0
1	0	7.7	2.93172744898173	0
1	0	7.7	2.511958425224569	0
1	0	7.7	2.076702342464958	0
1	0	7.7	1.628642699190446	0
1	0	7.7	1.17054193209677	0
1	0	7.7	0.7052243847470262	0
1	0	7.7	0.235558894554412	0

1	0	7.800000000000001	5.995374217444337	0
1	0	7.800000000000001	5.958410741729558	0
1	0	7.800000000000001	5.884711682419383	0
1	0	7.800000000000001	5.774731418721884	0
1	0	7.800000000000001	5.629148015534905	0
1	0	7.800000000000001	5.448859042950488	0
1	0	7.800000000000001	5.234976042436783	0
1	0	7.800000000000001	4.988817673815271	0
1	0	7.800000000000001	4.71190158528447	0
1	0	7.800000000000001	4.405935056614114	0
1	0	7.800000000000001	4.07280447319765	0
1	0	7.800000000000001	3.714563695859004	0
1	0	7.800000000000001	3.333421398117614	0
1	0	7.800000000000001	2.93172744898173	0
1	0	7.800000000000001	2.511958425224569	0
1	0	7.800000000000001	2.076702342464958	0
1	0	7.800000000000001	1.628642699190446	0
1	0	7.800000000000001	1.17054193209677	0
1	0	7.800000000000001	0.7052243847470262	0
1	0	7.800000000000001	0.235558894554412	0

1	0	7.9	5.995374217444337	0
1	0	7.9	5.958410741729558	0
1	0	7.9	5.884711682419383	0
1	0	7.9	5.774731418721884	0
1	0	7.9	5.629148015534905	0
1	0	7.9	5.448859042950488	0
1	0	7.9	5.234976042436783	0
1	0	7.9	4.988817673815271	0
1	0	7.9	4.71190158528447	0
1	0	7.9	4.405935056614114	0
1	0	7.9	4.07280447319765	0
1	0	7.9	3.714563695859004	0
1	0	7.9	3.333421398117614	0
1	0	7.9	2.93172744898173	0
1	0	7.9	2.511958425224569	0
1	0	7.9	2.076702342464958	0
1	0	7.9	1.628642699190446	0
1	0	7.9	1.17054193209677	0
1	0	7.9	0.7052243847470262	0
1	0	7.9	0.235558894554412	0

1	0	8	5.995374217444337	0
1	0	8	5.958410741729558	0
1	0	8	5.884711682419383	0
1	0	8	5.774731418721884	0
1	0	8	5.629148015534905	0
1	0	8	5.448859042950488	0
1	0	8	5.234976042436783	0
1	0	8	4.988817673815271	0
1	0	8	4.71190158528447	0
1	0	8	4.405935056614114	0
1	0	8	4.07280447319765	0
1	0	8	3.714563695859004	0
1	0	8	3.333421398117614	0
1	0	8	2.93172744898173	0
1	0	8	2.511958425224569	0
1	0	8	2.076702342464958	0
1	0	8	1.628642699190446	0
1	0	8	1.17054193209677	0
1	0	8	0.7052243847470262	0
1	0	8	0.235558894554412	0

1	0	8.1	5.995374217444337	0
1	0	8.1	5.958410741729558	0
1	0	8.1	5.884711682419383	0
1	0	8.1	5.774731418721884	0
1	0	8.1	5.629148015534905	0
1	0	8.1	5.448859042950488	0
1	0	8.1	5.234976042436783	0
1	0	8.1	4.988817673815271	0
1	0	8.1	4.71190158528447	0
1	0	8.1	4.405935056614114	0
1	0	8.1	4.07280447319765	0
1	0	8.1	3.714563695859004	0
1	0	8.1	3.333421398117614	0
1	0	8.1	2.93172744898173	0
1	0	8.1	2.511958425224569	0
1	0	8.1	2.076702342464958	0
1	0	8.1	1.628642699190446	0
1	0	8.1	1.17054193209677	0
1	0	8.1	0.7052243847470262	0
1	0	8.1	0.235558894554412	0

1	0	8.200000000000001	5.995374217444337	0
1	0	8.200000000000001	5.958410741729558	0
1	0	8.200000000000001	5.884711682419383	0
1	0	8.200000000000001	5.774731418721884	0
1	0	8.200000000000001	5.629148015534905	0
1	0	8.200000000000001	5.448859042950488	0
1	0	8.200000000000001	5.234976042436783	0
1	0	8.200000000000001	4.988817673815271	0
1	0	8.200000000000001	4.71190158528447	0
1	0	8.200000000000001	4.405935056614114	0
1	0	8.200000000000001	4.07280447319765	0
1	0	8.200000000000001	3.714563695859004	0
1	0	8.200000000000001	3.333421398117614	0
1	0	8.200000000000001	2.93172744898173	0
1	0	8.200000000000001	2.511958425224569	0
1	0	8.200000000000001	2.076702342464958	0
1	0	8.200000000000001	1.628642699190446	0
1	0	8.200000000000001	1.17054193209677	0
1	0	8.200000000000001	0.7052243847470262	0
1	0	8.200000000000001	0.235558894554412	0

1	0	8.300000000000001	5.995374217444337	0
1	0	8.300000000000001	5.958410741729558	0
1	0	8.300000000000001	5.884711682419383	0
1	0	8.300000000000001	5.774731418721884	0
1	0	8.300000000000001	5.629148015534905	0
1	0	8.300000000000001	5.448859042950488	0
1	0	8.300000000000001	5.234976042436783	0
1	0	8.300000000000001	4.988817673815271	0
1	0	8.300000000000001	4.71190158528447	0
1	0	8.300000000000001	4.405935056614114	0
1	0	8.300000000000001	4.07280447319765	0
1	0	8.300000000000001	3.714563695859004	0
1	0	8.300000000000001	3.333421398117614	0
1	0	8.300000000000001	2.93172744898173	0
1	0	8.300000000000001	2.511958425224569	0
1	0	8.300000000000001	2.076702342464958	0
1	0	8.300000000000001	1.628642699190446	0
1	0	8.300000000000001	1.17054193209677	0
1	0	8.300000000000001	0.7052243847470262	0
1	0	8.300000000000001	0.235558894554412	0

1	0	8.4	5.995374217444337	0
1	0	8.4	5.958410741729558	0
1	0	8.4	5.884711682419383	0
1	0	8.4	5.774731418721884	0
1	0	8.4	5.629148015534905	0
1	0	8.4	5.448859042950488	0
1	0	8.4	5.234976042436783	0
1	0	8.4	4.988817673815271	0
1	0	8.4	4.71190158528447	0
1	0	8.4	4.405935056614114	0
1	0	8.4	4.07280447319765	0
1	0	8.4	3.714563695859004	0
1	0	8.4	3.333421398117614	0
1	0	8.4	2.93172744898173	0
1	0	8.4	2.511958425224569	0
1	0	8.4	2.076702342464958	0
1	0	8.4	1.628642699190446	0
1	0	8.4	1.17054193209677	0
1	0	8.4	0.7052243847470262	0
1	0	8.4	0.235558894554412	0

1	0	8.5	5.995374217444337	0
1	0	8.5	5.958410741729558	0
1	0	8.5	5.884711682419383	0
1	0	8.5	5.774731418721884	0
1	0	8.5	5.629148015534905	0
1	0	8.5	5.448859042950488	0
1	0	8.5	5.234976042436783	0
1	0	8.5	4.988817673815271	0
1	0	8.5	4.71190158528447	0
1	0	8.5	4.405935056614114	0
1	0	8.5	4.07280447319765	0
1	0	8.5	3.714563695859004	0
1	0	8.5	3.333421398117614	0
1	0	8.5	2.93172744898173	0
1	0	8.5	2.511958425224569	0
1	0	8.5	2.076702342464958	0
1	0	8.5	1.628642699190446	0
1	0	8.5	1.17054193209677	0
1	0	8.5	0.7052243847470262	0
1	0	8.5	0.235558894554412	0

1	0	8.6	5.995374217444337	0
1	0	8.6	5.958410741729558	0
1	0	8.6	5.884711682419383	0
1	0	8.6	5.774731418721884	0
1	0	8.6	5.629148015534905	0
1	0	8.6	5.448859042950488	0
1	0	8.6	5.234976042436783	0
1	0	8.6	4.988817673815271	0
1	0	8.6	4.71190158528447	0
1	0	8.6	4.405935056614114	0
1	0	8.6	4.07280447319765	0
1	0	8.6	3.714563695859004	0
1	0	8.6	3.333421398117614	0
1	0	8.6	2.93172744898173	0
1	0	8.6	2.511958425224569	0
1	0	8.6	2.076702342464958	0
1	0	8.6	1.628642699190446	0
1	0	8.6	1.17054193209677	0
1	0	8.6	0.7052243847470262	0
1	0	8.6	0.235558894554412	0

1	0	8.700000000000001	5.995374217444337	0
1	0	8.700000000000001	5.958410741729558	0
1	0	8.700000000000001	5.884711682419383	0
1	0	8.700000000000001	5.774731418721884	0
1	0	8.700000000000001	5.629148015534905	0
1	0	8.700000000000001	5.448859042950488	0
1	0	8.700000000000001	5.234976042436783	0
1	0	8.700000000000001	4.988817673815271	0
1	0	8.700000000000001	4.71190158528447	0
1	0	8.700000000000001	4.405935056614114	0
1	0	8.700000000000001	4.07280447319765	0
1	0	8.700000000000001	3.714563695859004	0
1	0	8.700000000000001	3.333421398117614	0
1	0	8.700000000000001	2.93172744898173	0
1	0	8.700000000000001	2.511958425224569	0
1	0	8.700000000000001	2.076702342464958	0
1	0	8.700000000000001	1.628642699190446	0
1	0	8.700000000000001	1.17054193209677	0
1	0	8.700000000000001	0.7052243847470262	0
1	0	8.700000000000001	0.235558894554412	0

1	0	8.800000000000001	5.995374217444337	0
1	0	8.800000000000001	5.958410741729558	0
1	0	8.800000000000001	5.884711682419383	0
1	0	8.800000000000001	5.774731418721884	0
1	0	8.800000000000001	5.629148015534905	0
1	0	8.800000000000001	5.448859042950488	0
1	0	8.800000000000001	5.234976042436783	0
1	0	8.800000000000001	4.988817673815271	0
1	0	8.800000000000001	4.71190158528447	0
1	0	8.800000000000001	4.405935056614114	0
1	0	8.800000000000001	4.07280447319765	0
1	0	8.800000000000001	3.714563695859004	0
1	0	8.800000000000001	3.333421398117614	0
1	0	8.800000000000001	2.93172744898173	0
1	0	8.800000000000001	2.511958425224569	0
1	0	8.800000000000001	2.076702342464958	0
1	0	8.800000000000001	1.628642699190446	0
1	0	8.800000000000001	1.17054193209677	0
1	0	8.800000000000001	0.7052243847470262	0
1	0	8.800000000000001	0.235558894554412	0

1	0	8.9	5.995374217444337	0
1	0	8.9	5.958410741729558	0
1	0	8.9	5.884711682419383	0
1	0	8.9	5.774731418721884	0
1	0	8.9	5.629148015534905	0
1	0	8.9	5.448859042950488	0
1	0	8.9	5.234976042436783	0
1	0	8.9	4.988817673815271	0
1	0	8.9	4.71190158528447	0
1	0	8.9	4.405935056614114	0
1	0	8.9	4.07280447319765	0
1	0	8.9	3.714563695859004	0
1	0	8.9	3.333421398117614	0
1	0	8.9	2.93172744898173	0
1	0	8.9	2.511958425224569	0
1	0	8.9	2.076702342464958	0
1	0	8.9	1.628642699190446	0
1	0	8.9	1.17054193209677	0
1	0	8.9	0.7052243847470262	0
1	0	8.9	0.235558894554412	0

1	0	9	5.995374217444337	0
1	0	9	5.958410741729558	0
1	0	9	5.884711682419383	0
1	0	9	5.774731418721884	0
1	0	9	5.629148015534905	0
1	0	9	5.448859042950488	0
1	0	9	5.234976042436783	0
1	0	9	4.988817673815271	0
1	0	9	4.71190158528447	0
1	0	9	4.405935056614114	0
1	0	9	4.07280447319765	0
1	0	9	3.714563695859004	0
1	0	9	3.333421398117614	0
1	0	9	2.93172744898173	0
1	0	9	2.511958425224569	0
1	0	9	2.076702342464958	0
1	0	9	1.628642699190446	0
1	0	9	1.17054193209677	0
1	0	9	0.7052243847470262	0
1	0	9	0.235558894554412	0

1	0	9.1	5.995374217444337	0
1	0	9.1	5.958410741729558	0
1	0	9.1	5.884711682419383	0
1	0	9.1	5.774731418721884	0
1	0	9.1	5.629148015534905	0
1	0	9.1	5.448859042950488	0
1	0	9.1	5.234976042436783	0
1	0	9.1	4.988817673815271	0
1	0	9.1	4.71190158528447	0
1	0	9.1	4.405935056614114	0
1	0	9.1	4.07280447319765	0
1	0	9.1	3.714563695859004	0
1	0	9.1	3.333421398117614	0
1	0	9.1	2.93172744898173	0
1	0	9.1	2.511958425224569	0
1	0	9.1	2.076702342464958	0
1	0	9.1	1.628642699190446	0
1	0	9.1	1.17054193209677	0
1	0	9.1	0.7052243847470262	0
1	0	9.1	0.235558894554412	0

1	0	9.200000000000001	5.995374217444337	0
1	0	9.200000000000001	5.958410741729558	0
1	0	9.200000000000001	5.884711682419383	0
1	0	9.200000000000001	5.774731418721884	0
1	0	9.200000000000001	5.629148015534905	0
1	0	9.200000000000001	5.448859042950488	0
1	0	9.200000000000001	5.234976042436783	0
1	0	9.200000000000001	4.988817673815271	0
1	0	9.200000000000001	4.71190158528447	0
1	0	9.200000000000001	4.405935056614114	0
1	0	9.200000000000001	4.07280447319765	0
1	0	9.200000000000001	3.714563695859004	0
1	0	9.200000000000001	3.333421398117614	0
1	0	9.200000000000001	2.93172744898173	0
1	0	9.200000000000001	2.511958425224569	0
1	0	9.200000000000001	2.076702342464958	0
1	0	9.200000000000001	1.628642699190446	0
1	0	9.200000000000001	1.17054193209677	0
1	0	9.200000000000001	0.7052243847470262	0
1	0	9.200000000000001	0.235558894554412	0

1	0	9.300000000000001	5.995374217444337	0
1	0	9.300000000000001	5.958410741729558	0
1	0	9.300000000000001	5.884711682419383	0
1	0	9.300000000000001	5.774731418721884	0
1	0	9.300000000000001	5.629148015534905	0
1	0	9.300000000000001	5.448859042950488	0
1	0	9.300000000000001	5.234976042436783	0
1	0	9.300000000000001	4.988817673815271	0
1	0	9.300000000000001	4.71190158528447	0
1	0	9.300000000000001	4.405935056614114	0
1	0	9.300000000000001	4.07280447319765	0
1	0	9.300000000000001	3.714563695859004	0
1	0	9.300000000000001	3.333421398117614	0
1	0	9.300000000000001	2.93172744898173	0
1	0	9.300000000000001	2.511958425224569	0
1	0	9.300000000000001	2.076702342464958	0
1	0	9.300000000000001	1.628642699190446	0
1	0	9.300000000000001	1.17054193209677	0
1	0	9.300000000000001	0.7052243847470262	0
1	0	9.300000000000001	0.235558894554412	0

1	0	9.4	5.995374217444337	0
1	0	9.4	5.958410741729558	0
1	0	9.4	5.884711682419383	0
1	0	9.4	5.774731418721884	0
1	0	9.4	5.629148015534905	0
1	0	9.4	5.448859042950488	0
1	0	9.4	5.234976042436783	0
1	0	9.4	4.988817673815271	0
1	0	9.4	4.71190158528447	0
1	0	9.4	4.405935056614114	0
1	0	9.4	4.07280447319765	0
1	0	9.4	3.714563695859004	0
1	0	9.4	3.333421398117614	0
1	0	9.4	2.93172744898173	0
1	0	9.4	2.511958425224569	0
1	0	9.4	2.076702342464958	0
1	0	9.4	1.628642699190446	0
1	0	9.4	1.17054193209677	0
1	0	9.4	0.7052243847470262	0
1	0	9.4	0.235558894554412	0

1	0	9.5	5.995374217444337	0
1	0	9.5	5.958410741729558	0
1	0	9.5	5.884711682419383	0
1	0	9.5	5.774731418721884	0
1	0	9.5	5.629148015534905	0
1	0	9.5	5.448859042950488	0
1	0	9.5	5.234976042436783	0
1	0	9.5	4.988817673815271	0
1	0	9.5	4.71190158528447	0
1	0	9.5	4.405935056614114	0
1	0	9.5	4.07280447319765	0
1	0	9.5	3.714563695859004	0
1	0	9.5	3.333421398117614	0
1	0	9.5	2.93172744898173	0
1	0	9.5	2.511958425224569	0
1	0	9.5	2.076702342464958	0
1	0	9.5	1.628642699190446	0
1	0	9.5	1.17054193209677	0
1	0	9.5	0.7052243847470262	0
1	0	9.5	0.235558894554412	0

1	0	9.600000000000001	5.995374217444337	0
1	0	9.600000000000001	5.958410741729558	0
1	0	9.600000000000001	5.884711682419383	0
1	0	9.600000000000001	5.774731418721884	0
1	0	9.600000000000001	5.629148015534905	0
1	0	9.600000000000001	5.448859042950488	0
1	0	9.600000000000001	5.234976042436783	0
1	0	9.600000000000001	4.988817673815271	0
1	0	9.600000000000001	4.71190158528447	0
1	0	9.600000000000001	4.405935056614114	0
1	0	9.600000000000001	4.07280447319765	0
1	0	9.600000000000001	3.714563695859004	0
1	0	9.600000000000001	3.333421398117614	0
1	0	9.600000000000001	2.93172744898173	0
1	0	9.600000000000001	2.511958425224569	0
1	0	9.600000000000001	2.076702342464958	0
1	0	9.600000000000001	1.628642699190446	0
1	0	9.600000000000001	1.17054193209677	0
1	0	9.600000000000001	0.7052243847470262	0
1	0	9.600000000000001	0.235558894554412	0

1	0	9.700000000000001	5.995374217444337	0
1	0	9.700000000000001	5.958410741729558	0
1	0	9.700000000000001	5.884711682419383	0
1	0	9.700000000000001	5.774731418721884	0
1	0	9.700000000000001	5.629148015534905	0
1	0	9.700000000000001	5.448859042950488	0
1	0	9.700000000000001	5.234976042436783	0
1	0	9.700000000000001	4.988817673815271	0
1	0	9.700000000000001	4.71190158528447	0
1	0	9.700000000000001	4.405935056614114	0
1	0	9.700000000000001	4.07280447319765	0
1	0	9.700000000000001	3.714563695859004	0
1	0	9.700000000000001	3.333421398117614	0
1	0	9.700000000000001	2.93172744898173	0
1	0	9.700000000000001	2.511958425224569	0
1	0	9.700000000000001	2.076702342464958	0
1	0	9.700000000000001	1.628642699190446	0
1	0	9.700000000000001	1.17054193209677	0
1	0	9.700000000000001	0.7052243847470262	0
1	0	9.700000000000001	0.235558894554412	0

1	0	9.800000000000001	5.995374217444337	0
1	0	9.800000000000001	5.958410741729558	0
1	0	9.800000000000001	5.884711682419383	0
1	0	9.800000000000001	5.774731418721884	0
1	0	9.800000000000001	5.629148015534905	0
1	0	9.800000000000001	5.448859042950488	0
1	0	9.800000000000001	5.234976042436783	0
1	0	9.800000000000001	4.988817673815271	0
1	0	9.800000000000001	4.71190158528447	0
1	0	9.800000000000001	4.405935056614114	0
1	0	9.800000000000001	4.07280447319765	0
1	0	9.800000000000001	3.714563695859004	0
1	0	9.800000000000001	3.333421398117614	0
1	0	9.800000000000001	2.93172744898173	0
1	0	9.800000000000001	2.511958425224569	0
1	0	9.800000000000001	2.076702342464958	0
1	0	9.800000000000001	1.628642699190446	0
1	0	9.800000000000001	1.17054193209677	0
1	0	9.800000000000001	0.7052243847470262	0
1	0	9.800000000000001	0.235558894554412	0

1	0	9.9	5.995374217444337	0
1	0	9.9	5.958410741729558	0
1	0	9.9	5.884711682419383	0
1	0	9.9	5.774731418721884	0
1	0	9.9	5.629148015534905	0
1	0	9.9	5.448859042950488	0
1	0	9.9	5.234976042436783	0
1	0	9.9	4.988817673815271	0
1	0	9.9	4.71190158528447	0
1	0	9.9	4.405935056614114	0
1	0	9.9	4.07280447319765	0
1	0	9.9	3.714563695859004	0
1	0	9.9	3.333421398117614	0
1	0	9.9	2.93172744898173	0
1	0	9.9	2.511958425224569	0
1	0	9.9	2.076702342464958	0
1	0	9.9	1.628642699190446	0
1	0	9.9	1.17054193209677	0
1	0	9.9	0.7052243847470262	0
1	0	9.9	0.235558894554412	0

1	0	10	5.995374217444337	0
1	0	10	5.958410741729558	0
1	0	10	5.884711682419383	0
1	0	10	5.774731418721884	0
1	0	10	5.629148015534905	0
1	0	10	5.448859042950488	0
1	0	10	5.234976042436783	0
1	0	10	4.988817673815271	0
1	0	10	4.71190158528447	0
1	0	10	4.405935056614114	0
1	0	10	4.07280447319765	0
1	0	10	3.714563695859004	0
1	0	10	3.333421398117614	0
1	0	10	2.93172744898173	0
1	0	10	2.511958425224569	0
1	0	10	2.076702342464958	0
1	0	10	1.628642699190446	0
1	0	10	1.17054193209677	0
1	0	10	0.7052243847470262	0
1	0	10	0.235558894554412	0

