1	0	0	3.353515326886361
1	0	0.1	3.349037952554004
1	0	0.2	3.344569923404167
1	0	0.3	3.340111212674606
1	0	0.4	3.335661793700849
1	0	0.5	3.331221639915761
1	0	0.6000000000000001	3.326790724849073
1	0	0.7000000000000001	3.322369022127038
1	0	0.8	3.317956505471904
1	0	0.9	3.313553148701581
1	0	1	3.309158925729118
1	0	1.1	3.304773810562392
1	0	1.2	3.300397777303607
1	0	1.3	3.296030800148888
1	0	1.4	3.291672853387884
1	0	1.5	3.287323911403383
1	0	1.6	3.282983948670835
1	0	1.7	3.278652939757989
1	0	1.8	3.274330859324479
1	0	1.9	3.270017682121375
1	0	2	3.265713382990943
1	0	2.1	3.261417936865944
1	0	2.2	3.257131318769583
1	0	2.3	3.252853503814875
1	0	2.4	3.248584467204274
1	0	2.5	3.244324184229434
1	0	2.6	3.24007263027061
1	0	2.7	3.235829780796447
1	0	2.8	3.231595611363496
1	0	2.9	3.227370097615867
1	0	3	3.223153215284823
1	0	3.1	3.218944940188402
1	0	3.2	3.21474524823107
1	0	3.3	3.210554115403376
1	0	3.4	3.20637151778137
1	0	3.5	3.20219743152657
1	0	3.6	3.198031832885294
1	0	3.7	3.193874698188451
1	0	3.8	3.189726003851121
1	0	3.9	3.185585726372236
1	0	4	3.181453842334071
1	0	4.100000000000001	3.177330328402145
1	0	4.2	3.173215161324589
1	0	4.3	3.169108317931972
1	0	4.4	3.165009775136868
1	0	4.5	3.160919509933519
1	0	4.600000000000001	3.156837499397488
1	0	4.7	3.152763720685281
1	0	4.800000000000001	3.14869815103409
1	0	4.9	3.144640767761258
1	0	5	3.140591548264164
1	0	5.100000000000001	3.136550470019708
1	0	5.2	3.132517510584084
1	0	5.300000000000001	3.128492647592318
1	0	5.4	3.124475858758057
1	0	5.5	3.120467121873189
1	0	5.600000000000001	3.116466414807403
1	0	5.7	3.112473715508072
1	0	5.800000000000001	3.108489001999741
1	0	5.9	3.104512252383821
1	0	6	3.100543444838335
1	0	6.100000000000001	3.096582557617588
1	0	6.2	3.092629569051712
1	0	6.300000000000001	3.088684457546568
1	0	6.4	3.084747201583189
1	0	6.5	3.080817779717605
1	0	6.600000000000001	3.076896170580499
1	0	6.7	3.07298235287685
1	0	6.800000000000001	3.069076305385684
1	0	6.9	3.065178006959708
1	0	7	3.061287436525001
1	0	7.100000000000001	3.057404573080737
1	0	7.2	3.053529395698841
1	0	7.300000000000001	3.049661883523717
1	0	7.4	3.045802015771907
1	0	7.5	3.041949771731812
1	0	7.600000000000001	3.038105130763392
1	0	7.7	3.034268072297814
1	0	7.800000000000001	3.030438575837231
1	0	7.9	3.026616620954459
1	0	8	3.022802187292614
1	0	8.1	3.018995254564917
1	0	8.200000000000001	3.015195802554309
1	0	8.300000000000001	3.011403811113263
1	0	8.4	3.007619260163397
1	0	8.5	3.003842129695208
1	0	8.6	3.000072399767832
1	0	8.700000000000001	2.996310050508707
1	0	8.800000000000001	2.9925550621133
1	0	8.9	2.988807414844841
1	0	9	2.985067089034011
1	0	9.1	2.981334065078697
1	0	9.200000000000001	2.977608323443674
1	0	9.300000000000001	2.973889844660378
1	0	9.4	2.97017860932656
1	0	9.5	2.966474598106045
1	0	9.600000000000001	2.962777791728526
1	0	9.700000000000001	2.95908817098914
1	0	9.800000000000001	2.95540571674835
1	0	9.9	2.951730409931573
1	0	10	2.948062231528973
