1	0	0	3.353515326886361
1	0	0.1	3.352021828765955
1	0	0.2	3.35052937098676
1	0	0.3	3.349037952554004
1	0	0.4	3.347547572474054
1	0	0.5	3.346058229754511
1	0	0.6000000000000001	3.344569923404167
1	0	0.7000000000000001	3.343082652433064
1	0	0.8	3.341596415852391
1	0	0.9	3.340111212674606
1	0	1	3.338627041913328
1	0	1.1	3.33714390258341
1	0	1.2	3.335661793700849
1	0	1.3	3.334180714282913
1	0	1.4	3.332700663348002
1	0	1.5	3.331221639915761
1	0	1.6	3.329743643006985
1	0	1.7	3.328266671643695
1	0	1.8	3.326790724849073
1	0	1.9	3.325315801647506
1	0	2	3.323841901064577
1	0	2.1	3.322369022127038
1	0	2.2	3.320897163862793
1	0	2.3	3.319426325300986
1	0	2.4	3.317956505471904
1	0	2.5	3.31648770340701
1	0	2.6	3.315019918138973
1	0	2.7	3.313553148701581
1	0	2.8	3.31208739412983
1	0	2.9	3.310622653459921
1	0	3	3.309158925729119
1	0	3.1	3.307696209975972
1	0	3.2	3.306234505240129
1	0	3.3	3.304773810562392
1	0	3.4	3.303314124984767
1	0	3.5	3.301855447550416
1	0	3.6	3.300397777303607
1	0	3.7	3.298941113289814
1	0	3.8	3.297485454555643
1	0	3.9	3.296030800148888
1	0	4	3.294577149118419
1	0	4.100000000000001	3.293124500514359
1	0	4.2	3.291672853387884
1	0	4.3	3.290222206791381
1	0	4.4	3.288772559778324
1	0	4.5	3.287323911403383
1	0	4.600000000000001	3.285876260722358
1	0	4.7	3.284429606792125
1	0	4.800000000000001	3.282983948670835
1	0	4.9	3.281539285417609
1	0	5	3.280095616092848
1	0	5.100000000000001	3.278652939757989
1	0	5.2	3.277211255475617
1	0	5.300000000000001	3.27577056230949
1	0	5.4	3.274330859324479
1	0	5.5	3.272892145586501
1	0	5.600000000000001	3.271454420162742
1	0	5.7	3.270017682121375
1	0	5.800000000000001	3.268581930531795
1	0	5.9	3.267147164464448
1	0	6	3.265713382990943
1	0	6.100000000000001	3.264280585183933
1	0	6.2	3.262848770117309
1	0	6.300000000000001	3.261417936865944
1	0	6.4	3.259988084505944
1	0	6.5	3.258559212114404
1	0	6.600000000000001	3.257131318769583
1	0	6.7	3.255704403550925
1	0	6.800000000000001	3.254278465538826
1	0	6.9	3.252853503814875
1	0	7	3.251429517461785
1	0	7.100000000000001	3.25000650556328
1	0	7.2	3.248584467204274
1	0	7.300000000000001	3.24716340147074
1	0	7.4	3.245743307449743
1	0	7.5	3.244324184229434
1	0	7.600000000000001	3.242906030899062
1	0	7.7	3.241488846548973
1	0	7.800000000000001	3.24007263027061
1	0	7.9	3.238657381156473
1	0	8	3.237243098300211
1	0	8.1	3.235829780796447
1	0	8.200000000000001	3.234417427741012
1	0	8.300000000000001	3.233006038230699
1	0	8.4	3.231595611363496
1	0	8.5	3.230186146238397
1	0	8.6	3.228777641955468
1	0	8.700000000000001	3.227370097615867
1	0	8.800000000000001	3.225963512321855
1	0	8.9	3.22455788517671
1	0	9	3.223153215284823
1	0	9.1	3.221749501751623
1	0	9.200000000000001	3.220346743683621
1	0	9.300000000000001	3.218944940188402
1	0	9.4	3.217544090374594
1	0	9.5	3.216144193351891
1	0	9.600000000000001	3.21474524823107
1	0	9.700000000000001	3.213347254123968
1	0	9.800000000000001	3.21195021014341
1	0	9.9	3.210554115403376
1	0	10	3.209158969018806
