1	0	0	1.245015519142468
1	0	0.1	1.242415909044662
1	0	0.2	1.239823746524022
1	0	0.3	1.237239004361854
1	0	0.4	1.234661655460622
1	0	0.5	1.232091672843315
1	0	0.6000000000000001	1.229529029652809
1	0	0.7000000000000001	1.226973699151246
1	0	0.8	1.224425654719403
1	0	0.9	1.221884869856058
1	0	1	1.219351318177404
1	0	1.1	1.216824973416416
1	0	1.2	1.214305809422223
1	0	1.3	1.211793800159545
1	0	1.4	1.209288919708065
1	0	1.5	1.206791142261827
1	0	1.6	1.204300442128643
1	0	1.7	1.201816793729507
1	0	1.8	1.199340171598017
1	0	1.9	1.196870550379763
1	0	2	1.194407904831757
1	0	2.1	1.191952209821882
1	0	2.2	1.189503440328273
1	0	2.3	1.187061571438771
1	0	2.4	1.184626578350369
1	0	2.5	1.182198436368603
1	0	2.6	1.179777120907059
1	0	2.7	1.177362607486742
1	0	2.8	1.174954871735569
1	0	2.9	1.172553889387807
1	0	3	1.170159636283533
1	0	3.1	1.167772088368071
1	0	3.2	1.165391221691455
1	0	3.3	1.163017012407913
1	0	3.4	1.160649436775315
1	0	3.5	1.158288471154629
1	0	3.6	1.155934092009425
1	0	3.7	1.153586275905319
1	0	3.8	1.151244999509484
1	0	3.9	1.14891023959009
1	0	4	1.146581973015818
1	0	4.100000000000001	1.144260176755336
1	0	4.2	1.141944827876793
1	0	4.3	1.139635903547319
1	0	4.4	1.137333381032501
1	0	4.5	1.135037237695905
1	0	4.600000000000001	1.132747450998551
1	0	4.7	1.130463998498456
1	0	4.800000000000001	1.128186857850097
1	0	4.9	1.125916006803958
1	0	5	1.123651423206033
1	0	5.100000000000001	1.121393084997335
1	0	5.2	1.119140970213413
1	0	5.300000000000001	1.116895056983886
1	0	5.4	1.114655323531966
1	0	5.5	1.112421748173984
1	0	5.600000000000001	1.110194309318902
1	0	5.7	1.107972985467884
1	0	5.800000000000001	1.105757755213794
1	0	5.9	1.103548597240762
1	0	6	1.101345490323712
1	0	6.100000000000001	1.099148413327896
1	0	6.2	1.096957345208472
1	0	6.300000000000001	1.094772265010008
1	0	6.4	1.092593151866085
1	0	6.5	1.090419984998811
1	0	6.600000000000001	1.088252743718392
1	0	6.7	1.0860914074227
1	0	6.800000000000001	1.083935955596818
1	0	6.9	1.081786367812601
1	0	7	1.079642623728292
1	0	7.100000000000001	1.077504703088018
1	0	7.2	1.075372585721412
1	0	7.300000000000001	1.073246251543178
1	0	7.4	1.071125680552647
1	0	7.5	1.069010852833399
1	0	7.600000000000001	1.066901748552795
1	0	7.7	1.064798347961586
1	0	7.800000000000001	1.062700631393514
1	0	7.9	1.060608579264876
1	0	8	1.05852217207412
1	0	8.1	1.05644139040144
1	0	8.200000000000001	1.05436621490838
1	0	8.300000000000001	1.052296626337438
1	0	8.4	1.050232605511626
1	0	8.5	1.048174133334121
1	0	8.6	1.046121190787861
1	0	8.700000000000001	1.044073758935102
1	0	8.800000000000001	1.042031818917114
1	0	8.9	1.039995351953702
1	0	9	1.037964339342895
1	0	9.1	1.035938762460526
1	0	9.200000000000001	1.033918602759839
1	0	9.300000000000001	1.031903841771128
1	0	9.4	1.029894461101368
1	0	9.5	1.027890442433823
1	0	9.600000000000001	1.025891767527675
1	0	9.700000000000001	1.023898418217652
1	0	9.800000000000001	1.021910376413669
1	0	9.9	1.019927624100452
1	0	10	1.017950143337185
