1	0	0	1.245015519142468
1	0	0.1	1.242993047629188
1	0	0.2	1.24097526816001
1	0	0.3	1.238962166406136
1	0	0.4	1.236953728093372
1	0	0.5	1.234949939001879
1	0	0.6000000000000001	1.232950784965953
1	0	0.7000000000000001	1.230956251873764
1	0	0.8	1.228966325667093
1	0	0.9	1.226980992341114
1	0	1	1.225000237944134
1	0	1.1	1.223024048577351
1	0	1.2	1.221052410394617
1	0	1.3	1.219085309602205
1	0	1.4	1.217122732458553
1	0	1.5	1.21516466527403
1	0	1.6	1.213211094410726
1	0	1.7	1.211262006282185
1	0	1.8	1.20931738735318
1	0	1.9	1.2073772241395
1	0	2	1.205441503207677
1	0	2.1	1.203510211174817
1	0	2.2	1.201583334708298
1	0	2.3	1.199660860525617
1	0	2.4	1.197742775394103
1	0	2.5	1.195829066130731
1	0	2.6	1.193919719601878
1	0	2.7	1.192014722723107
1	0	2.8	1.190114062458939
1	0	2.9	1.188217725822662
1	0	3	1.186325699876061
1	0	3.1	1.184437971729241
1	0	3.2	1.182554528540388
1	0	3.3	1.180675357515578
1	0	3.4	1.178800445908535
1	0	3.5	1.176929781020423
1	0	3.6	1.175063350199651
1	0	3.7	1.173201140841654
1	0	3.8	1.171343140388663
1	0	3.9	1.169489336329511
1	0	4	1.167639716199458
1	0	4.100000000000001	1.165794267579908
1	0	4.2	1.163952978098278
1	0	4.3	1.162115835427757
1	0	4.4	1.160282827287097
1	0	4.5	1.15845394144044
1	0	4.600000000000001	1.156629165697081
1	0	4.7	1.154808487911289
1	0	4.800000000000001	1.152991895982115
1	0	4.9	1.151179377853168
1	0	5	1.149370921512421
1	0	5.100000000000001	1.147566514992065
1	0	5.2	1.145766146368232
1	0	5.300000000000001	1.143969803760864
1	0	5.4	1.142177475333488
1	0	5.5	1.140389149293044
1	0	5.600000000000001	1.138604813889668
1	0	5.7	1.136824457416544
1	0	5.800000000000001	1.135048068209659
1	0	5.9	1.13327563464766
1	0	6	1.131507145151641
1	0	6.100000000000001	1.129742588184966
1	0	6.2	1.127981952253096
1	0	6.300000000000001	1.126225225903377
1	0	6.4	1.124472397724875
1	0	6.5	1.122723456348195
1	0	6.600000000000001	1.120978390445288
1	0	6.7	1.119237188729268
1	0	6.800000000000001	1.117499839954258
1	0	6.9	1.115766332915175
1	0	7	1.114036656447582
1	0	7.100000000000001	1.112310799427493
1	0	7.2	1.110588750771208
1	0	7.300000000000001	1.108870499435124
1	0	7.4	1.107156034415581
1	0	7.5	1.105445344748662
1	0	7.600000000000001	1.103738419510039
1	0	7.7	1.102035247814805
1	0	7.800000000000001	1.100335818817289
1	0	7.9	1.098640121710891
1	0	8	1.096948145727914
1	0	8.1	1.095259880139389
1	0	8.200000000000001	1.093575314254936
1	0	8.300000000000001	1.091894437422554
1	0	8.4	1.090217239028483
1	0	8.5	1.08854370849703
1	0	8.6	1.086873835290411
1	0	8.700000000000001	1.08520760890859
1	0	8.800000000000001	1.083545018889101
1	0	8.9	1.081886054806894
1	0	9	1.080230706274186
1	0	9.1	1.078578962940293
1	0	9.200000000000001	1.076930814491456
1	0	9.300000000000001	1.075286250650708
1	0	9.4	1.073645261177696
1	0	9.5	1.072007835868531
1	0	9.600000000000001	1.070373964555651
1	0	9.700000000000001	1.068743637107617
1	0	9.800000000000001	1.067116843429023
1	0	9.9	1.065493573460283
1	0	10	1.063873817177525
