1	0	0	1.245015519142468
1	0	0.1	1.243570462319139
1	0	0.2	1.242127891255873
1	0	0.3	1.240687800093388
1	0	0.4	1.239250182990286
1	0	0.5	1.237815034123036
1	0	0.6000000000000001	1.236382347685838
1	0	0.7000000000000001	1.23495211789061
1	0	0.8	1.233524338966905
1	0	0.9	1.232099005161833
1	0	1	1.230676110740002
1	0	1.1	1.229255649983453
1	0	1.2	1.227837617191598
1	0	1.3	1.226422006681152
1	0	1.4	1.225008812786056
1	0	1.5	1.223598029857434
1	0	1.6	1.222189652263506
1	0	1.7	1.22078367438955
1	0	1.8	1.219380090637804
1	0	1.9	1.217978895427429
1	0	2	1.216580083194432
1	0	2.1	1.215183648391608
1	0	2.2	1.213789585488494
1	0	2.3	1.212397888971269
1	0	2.4	1.211008553342714
1	0	2.5	1.209621573122158
1	0	2.6	1.208236942845397
1	0	2.7	1.206854657064642
1	0	2.8	1.205474710348473
1	0	2.9	1.204097097281732
1	0	3	1.202721812465529
1	0	3.1	1.201348850517105
1	0	3.2	1.199978206069852
1	0	3.3	1.19860987377318
1	0	3.4	1.197243848292518
1	0	3.5	1.195880124309215
1	0	3.6	1.194518696520477
1	0	3.7	1.193159559639354
1	0	3.8	1.191802708394635
1	0	3.9	1.190448137530816
1	0	4	1.189095841808015
1	0	4.100000000000001	1.187745816001954
1	0	4.2	1.186398054903866
1	0	4.3	1.185052553320447
1	0	4.4	1.18370930607382
1	0	4.5	1.182368308001444
1	0	4.600000000000001	1.181029553956087
1	0	4.7	1.179693038805755
1	0	4.800000000000001	1.178358757433627
1	0	4.9	1.177026704738028
1	0	5	1.175696875632347
1	0	5.100000000000001	1.174369265044992
1	0	5.2	1.173043867919336
1	0	5.300000000000001	1.171720679213656
1	0	5.4	1.170399693901087
1	0	5.5	1.169080906969568
1	0	5.600000000000001	1.167764313421767
1	0	5.7	1.166449908275056
1	0	5.800000000000001	1.165137686561446
1	0	5.9	1.163827643327532
1	0	6	1.162519773634435
1	0	6.100000000000001	1.161214072557753
1	0	6.2	1.159910535187527
1	0	6.300000000000001	1.158609156628148
1	0	6.4	1.157309931998341
1	0	6.5	1.156012856431104
1	0	6.600000000000001	1.154717925073647
1	0	6.7	1.153425133087341
1	0	6.800000000000001	1.152134475647681
1	0	6.9	1.150845947944223
1	0	7	1.149559545180532
1	0	7.100000000000001	1.148275262574144
1	0	7.2	1.146993095356488
1	0	7.300000000000001	1.145713038772888
1	0	7.4	1.144435088082443
1	0	7.5	1.143159238558036
1	0	7.600000000000001	1.141885485486262
1	0	7.7	1.14061382416737
1	0	7.800000000000001	1.139344249915224
1	0	7.9	1.138076758057259
1	0	8	1.136811343934431
1	0	8.1	1.135548002901146
1	0	8.200000000000001	1.134286730325247
1	0	8.300000000000001	1.133027521587936
1	0	8.4	1.131770372083745
1	0	8.5	1.130515277220492
1	0	8.6	1.1292622324192
1	0	8.700000000000001	1.128011233114095
1	0	8.800000000000001	1.126762274752525
1	0	8.9	1.125515352794926
1	0	9	1.124270462714792
1	0	9.1	1.123027599998595
1	0	9.200000000000001	1.121786760145741
1	0	9.300000000000001	1.120547938668573
1	0	9.4	1.119311131092271
1	0	9.5	1.118076332954814
1	0	9.600000000000001	1.116843539806978
1	0	9.700000000000001	1.115612747212229
1	0	9.800000000000001	1.11438395074672
1	0	9.9	1.113157145999237
1	0	10	1.111932328571147
