1	0	0	1.245015519142468
1	0	0.1	1.244148153249457
1	0	0.2	1.243281616887725
1	0	0.3	1.242415909044662
1	0	0.4	1.241551028709174
1	0	0.5	1.240686974871663
1	0	0.6000000000000001	1.239823746524022
1	0	0.7000000000000001	1.23896134265966
1	0	0.8	1.238099762273476
1	0	0.9	1.237239004361854
1	0	1	1.236379067922676
1	0	1.1	1.235519951955312
1	0	1.2	1.234661655460622
1	0	1.3	1.233804177440932
1	0	1.4	1.232947516900066
1	0	1.5	1.232091672843315
1	0	1.6	1.231236644277447
1	0	1.7	1.230382430210711
1	0	1.8	1.229529029652809
1	0	1.9	1.228676441614931
1	0	2	1.227824665109706
1	0	2.1	1.226973699151246
1	0	2.2	1.226123542755126
1	0	2.3	1.22527419493835
1	0	2.4	1.224425654719403
1	0	2.5	1.223577921118215
1	0	2.6	1.222730993156158
1	0	2.7	1.221884869856058
1	0	2.8	1.221039550242189
1	0	2.9	1.220195033340255
1	0	3	1.219351318177405
1	0	3.1	1.21850840378223
1	0	3.2	1.21766628918475
1	0	3.3	1.216824973416416
1	0	3.4	1.2159844555101
1	0	3.5	1.215144734500127
1	0	3.6	1.214305809422223
1	0	3.7	1.213467679313535
1	0	3.8	1.212630343212645
1	0	3.9	1.211793800159545
1	0	4	1.210958049195632
1	0	4.100000000000001	1.210123089363733
1	0	4.2	1.209288919708065
1	0	4.3	1.208455539274263
1	0	4.4	1.207622947109374
1	0	4.5	1.206791142261827
1	0	4.600000000000001	1.205960123781466
1	0	4.7	1.205129890719525
1	0	4.800000000000001	1.204300442128643
1	0	4.9	1.203471777062837
1	0	5	1.202643894577529
1	0	5.100000000000001	1.201816793729507
1	0	5.2	1.200990473576975
1	0	5.300000000000001	1.200164933179493
1	0	5.4	1.199340171598017
1	0	5.5	1.198516187894871
1	0	5.600000000000001	1.197692981133762
1	0	5.7	1.196870550379763
1	0	5.800000000000001	1.196048894699324
1	0	5.9	1.195228013160264
1	0	6	1.194407904831757
1	0	6.100000000000001	1.193588568784364
1	0	6.2	1.192770004089982
1	0	6.300000000000001	1.191952209821882
1	0	6.4	1.191135185054687
1	0	6.5	1.190318928864373
1	0	6.600000000000001	1.189503440328273
1	0	6.7	1.188688718525057
1	0	6.800000000000001	1.187874762534771
1	0	6.9	1.187061571438771
1	0	7	1.186249144319781
1	0	7.100000000000001	1.185437480261844
1	0	7.2	1.184626578350369
1	0	7.300000000000001	1.18381643767207
1	0	7.4	1.183007057315023
1	0	7.5	1.182198436368603
1	0	7.600000000000001	1.181390573923554
1	0	7.7	1.180583469071915
1	0	7.800000000000001	1.179777120907059
1	0	7.9	1.178971528523681
1	0	8	1.178166691017793
1	0	8.1	1.177362607486742
1	0	8.200000000000001	1.176559277029153
1	0	8.300000000000001	1.175756698745008
1	0	8.4	1.174954871735569
1	0	8.5	1.174153795103413
1	0	8.6	1.173353467952432
1	0	8.700000000000001	1.172553889387807
1	0	8.800000000000001	1.171755058516046
1	0	8.9	1.170956974444923
1	0	9	1.170159636283533
1	0	9.1	1.169363043142266
1	0	9.200000000000001	1.168567194132788
1	0	9.300000000000001	1.167772088368072
1	0	9.4	1.166977724962367
1	0	9.5	1.166184103031218
1	0	9.600000000000001	1.165391221691455
1	0	9.700000000000001	1.164599080061177
1	0	9.800000000000001	1.163807677259776
1	0	9.9	1.163017012407913
1	0	10	1.162227084627529
