1	0	0	0.01494018622970957
1	0	0.1	0.0149193810596899
1	0	0.2	0.01489861895649529
1	0	0.3	0.01487789979899715
1	0	0.4	0.01485722346650193
1	0	0.5	0.01483658983874949
1	0	0.6000000000000001	0.0148159987959108
1	0	0.7000000000000001	0.01479545021858627
1	0	0.8	0.01477494398780402
1	0	0.9	0.01475447998501763
1	0	1	0.01473405809210479
1	0	1.1	0.01471367819136479
1	0	1.2	0.01469334016551726
1	0	1.3	0.01467304389770013
1	0	1.4	0.01465278927146758
1	0	1.5	0.01463257617078876
1	0	1.6	0.01461240448004546
1	0	1.7	0.01459227408403039
1	0	1.8	0.01457218486794597
1	0	1.9	0.01455213671740157
1	0	2	0.01453212951841261
1	0	2.1	0.01451216315739856
1	0	2.2	0.01449223752118076
1	0	2.3	0.0144723524969813
1	0	2.4	0.01445250797242084
1	0	2.5	0.01443270383551722
1	0	2.6	0.01441293997468371
1	0	2.7	0.01439321627872646
1	0	2.8	0.01437353263684449
1	0	2.9	0.01435388893862636
1	0	3	0.01433428507404957
1	0	3.1	0.01431472093347815
1	0	3.2	0.01429519640766142
1	0	3.3	0.01427571138773246
1	0	3.4	0.01425626576520634
1	0	3.5	0.01423685943197777
1	0	3.6	0.01421749228032074
1	0	3.7	0.01419816420288603
1	0	3.8	0.0141788750926998
1	0	3.9	0.01415962484316189
1	0	4	0.01414041334804474
1	0	4.100000000000001	0.01412124050149115
1	0	4.2	0.01410210619801292
1	0	4.3	0.01408301033248924
1	0	4.4	0.01406395280016547
1	0	4.5	0.01404493349665126
1	0	4.600000000000001	0.01402595231791898
1	0	4.7	0.01400700916030228
1	0	4.800000000000001	0.01398810392049441
1	0	4.9	0.01396923649554705
1	0	5	0.01395040678286866
1	0	5.100000000000001	0.01393161468022238
1	0	5.2	0.01391286008572534
1	0	5.300000000000001	0.01389414289784712
1	0	5.4	0.01387546301540744
1	0	5.5	0.01385682033757559
1	0	5.600000000000001	0.01383821476386864
1	0	5.7	0.01381964619414957
1	0	5.800000000000001	0.01380111452862664
1	0	5.9	0.01378261966785102
1	0	6	0.01376416151271641
1	0	6.100000000000001	0.01374573996445638
1	0	6.2	0.01372735492464371
1	0	6.300000000000001	0.01370900629518912
1	0	6.4	0.01369069397833934
1	0	6.5	0.01367241787667576
1	0	6.600000000000001	0.01365417789311362
1	0	6.7	0.01363597393089971
1	0	6.800000000000001	0.01361780589361165
1	0	6.9	0.01359967368515639
1	0	7	0.01358157720976855
1	0	7.100000000000001	0.01356351637200973
1	0	7.2	0.01354549107676625
1	0	7.300000000000001	0.01352750122924807
1	0	7.4	0.01350954673498814
1	0	7.5	0.01349162749984016
1	0	7.600000000000001	0.01347374342997782
1	0	7.7	0.01345589443189313
1	0	7.800000000000001	0.01343808041239507
1	0	7.9	0.01342030127860877
1	0	8	0.01340255693797403
1	0	8.1	0.01338484729824325
1	0	8.200000000000001	0.01336717226748111
1	0	8.300000000000001	0.01334953175406296
1	0	8.4	0.01333192566667332
1	0	8.5	0.01331435391430521
1	0	8.6	0.01329681640625763
1	0	8.700000000000001	0.0132793130521361
1	0	8.800000000000001	0.01326184376184974
1	0	8.9	0.01324440844561094
1	0	9	0.01322700701393394
1	0	9.1	0.01320963937763332
1	0	9.200000000000001	0.01319230544782318
1	0	9.300000000000001	0.01317500513591572
1	0	9.4	0.01315773835361978
1	0	9.5	0.01314050501294019
1	0	9.600000000000001	0.01312330502617562
1	0	9.700000000000001	0.01310613830591893
1	0	9.800000000000001	0.01308900476505452
1	0	9.9	0.01307190431675715
1	0	10	0.01305483687449158
