1	0	0	5.995374217444337	0.09513499920937264
1	0	0	5.958410741729558	0.0963434857075041
1	0	0	5.884711682419383	0.09882332293752535
1	0	0	5.774731418721884	0.1027074080271221
1	0	0	5.629148015534905	0.1082144648908716
1	0	0	5.448859042950488	0.1156768428981137
1	0	0	5.234976042436783	0.1255867565881104
1	0	0	4.988817673815271	0.1386727198829463
1	0	0	4.71190158528447	0.1560272858378809
1	0	0	4.405935056614114	0.1793219768751855
1	0	0	4.07280447319765	0.2111585167956898
1	0	0	3.714563695859004	0.2555703592734076
1	0	0	3.333421398117614	0.3184524510246254
1	0	0	2.93172744898173	0.4070571765810366
1	0	0	2.511958425224569	0.5271226269654146
1	0	0	2.076702342464958	0.6777058541347168
1	0	0	1.628642699190446	0.8474616822495133
1	0	0	1.17054193209677	1.015489826592975
1	0	0	0.7052243847470262	1.154350550730659
1	0	0	0.235558894554412	1.234414951838095

1	0	0.1	5.995374217444337	0.09500307921688424
1	0	0.1	5.958410741729558	0.09620982130303575
1	0	0.1	5.884711682419383	0.09868607306306219
1	0	0.1	5.774731418721884	0.1025645262764235
1	0	0.1	5.629148015534905	0.1080635639299165
1	0	0.1	5.448859042950488	0.1155150106135678
1	0	0.1	5.234976042436783	0.1254102895169802
1	0	0.1	4.988817673815271	0.138476714093157
1	0	0.1	4.71190158528447	0.1558049753433082
1	0	0.1	4.405935056614114	0.1790636107905615
1	0	0.1	4.07280447319765	0.2108493857022526
1	0	0.1	3.714563695859004	0.2551873465566731
1	0	0.1	3.333421398117614	0.3179586028718526
1	0	0.1	2.93172744898173	0.4063956276285284
1	0	0.1	2.511958425224569	0.526216064484437
1	0	0.1	2.076702342464958	0.6764706003090037
1	0	0.1	1.628642699190446	0.8458358172864794
1	0	0.1	1.17054193209677	1.013461719299382
1	0	0.1	0.7052243847470262	1.151979750633384
1	0	0.1	0.235558894554412	1.231842308317212

1	0	0.2	5.995374217444337	0.09487143749408962
1	0	0.2	5.958410741729558	0.09607643889371993
1	0	0.2	5.884711682419383	0.09854911284549329
1	0	0.2	5.774731418721884	0.1024219462294863
1	0	0.2	5.629148015534905	0.1079129818525266
1	0	0.2	5.448859042950488	0.1153535206826052
1	0	0.2	5.234976042436783	0.125234196318546
1	0	0.2	4.988817673815271	0.1382811244432021
1	0	0.2	4.71190158528447	0.1555831382625517
1	0	0.2	4.405935056614114	0.1788057974125735
1	0	0.2	4.07280447319765	0.2105409207821423
1	0	0.2	3.714563695859004	0.254805169668796
1	0	0.2	3.333421398117614	0.3174658562181369
1	0	0.2	2.93172744898173	0.4057356067547019
1	0	0.2	2.511958425224569	0.525311696684045
1	0	0.2	2.076702342464958	0.6752384921032878
1	0	0.2	1.628642699190446	0.8442142827143054
1	0	0.2	1.17054193209677	1.011439204775088
1	0	0.2	0.7052243847470262	1.149615646907552
1	0	0.2	0.235558894554412	1.229277023218517

1	0	0.3	5.995374217444337	0.09474007324131857
1	0	0.3	5.958410741729558	0.09594333766913929
1	0	0.3	5.884711682419383	0.09841244145229594
1	0	0.3	5.774731418721884	0.102279667019021
1	0	0.3	5.629148015534905	0.1077627177418087
1	0	0.3	5.448859042950488	0.1151923721205216
1	0	0.3	5.234976042436783	0.1250584759169508
1	0	0.3	4.988817673815271	0.1380859497348197
1	0	0.3	4.71190158528447	0.1553617732311242
1	0	0.3	4.405935056614114	0.1785485351457302
1	0	0.3	4.07280447319765	0.210233120106858
1	0	0.3	3.714563695859004	0.254423826175627
1	0	0.3	3.333421398117614	0.3169742078133188
1	0	0.3	2.93172744898173	0.4050771093339193
1	0	0.3	2.511958425224569	0.5244095166559102
1	0	0.3	2.076702342464958	0.6740095191623077
1	0	0.3	1.628642699190446	0.8425970636928373
1	0	0.3	1.17054193209677	1.009422263254482
1	0	0.3	0.7052243847470262	1.147258215383748
1	0	0.3	0.235558894554412	1.226719069687498

1	0	0.4	5.995374217444337	0.09460898566182527
1	0	0.4	5.958410741729558	0.09581051682184151
1	0	0.4	5.884711682419383	0.09827605805399318
1	0	0.4	5.774731418721884	0.1021376877809103
1	0	0.4	5.629148015534905	0.1076127706842224
1	0	0.4	5.448859042950488	0.1150315639462157
1	0	0.4	5.234976042436783	0.1248831272402744
1	0	0.4	4.988817673815271	0.1378911887741335
1	0	0.4	4.71190158528447	0.1551408788895316
1	0	0.4	4.405935056614114	0.1782918224003856
1	0	0.4	4.07280447319765	0.2099259817549611
1	0	0.4	3.714563695859004	0.2540433136519566
1	0	0.4	3.333421398117614	0.3164836544192615
1	0	0.4	2.93172744898173	0.4044201307579576
1	0	0.4	2.511958425224569	0.5235095175185888
1	0	0.4	2.076702342464958	0.6727836711727441
1	0	0.4	1.628642699190446	0.8409841454442647
1	0	0.4	1.17054193209677	1.007410875057362
1	0	0.4	0.7052243847470262	1.144907431998939
1	0	0.4	0.235558894554412	1.224168420989028

1	0	0.5	5.995374217444337	0.09447817396177718
1	0	0.5	5.958410741729558	0.09567797554732525
1	0	0.5	5.884711682419383	0.09813996182414043
1	0	0.5	5.774731418721884	0.1019960076541962
1	0	0.5	5.629148015534905	0.1074631397695688
1	0	0.5	5.448859042950488	0.1148710951821716
1	0	0.5	5.234976042436783	0.1247081492205169
1	0	0.5	4.988817673815271	0.1376968403716318
1	0	0.5	4.71190158528447	0.1549204538832536
1	0	0.5	4.405935056614114	0.1780356575927053
1	0	0.5	4.07280447319765	0.2096195038120501
1	0	0.5	3.714563695859004	0.2536636296814706
1	0	0.5	3.333421398117614	0.3159941928097975
1	0	0.5	2.93172744898173	0.4037646664359407
1	0	0.5	2.511958425224569	0.5226116924173866
1	0	0.5	2.076702342464958	0.6715609378630147
1	0	0.5	1.628642699190446	0.8393755132528096
1	0	0.5	1.17054193209677	1.005405020588432
1	0	0.5	0.7052243847470262	1.142563272795917
1	0	0.5	0.235558894554412	1.221625050506732

1	0	0.6000000000000001	5.995374217444337	0.09434763735023947
1	0	0.6000000000000001	5.958410741729558	0.09554571304402677
1	0	0.6000000000000001	5.884711682419383	0.09800415193931049
1	0	0.6000000000000001	5.774731418721884	0.1018546257810635
1	0	0.6000000000000001	5.629148015534905	0.1073138240909713
1	0	0.6000000000000001	5.448859042950488	0.1147109648544457
1	0	0.6000000000000001	5.234976042436783	0.1245335407935774
1	0	0.6000000000000001	4.988817673815271	0.1375029033421495
1	0	0.6000000000000001	4.71190158528447	0.1547004968627175
1	0	0.6000000000000001	4.405935056614114	0.1777800391446479
1	0	0.6000000000000001	4.07280447319765	0.209313684370723
1	0	0.6000000000000001	3.714563695859004	0.2532847718567202
1	0	0.6000000000000001	3.333421398117614	0.3155058197706662
1	0	0.6000000000000001	2.93172744898173	0.4031107117942584
1	0	0.6000000000000001	2.511958425224569	0.5217160345242411
1	0	0.6000000000000001	2.076702342464958	0.6703413090030738
1	0	0.6000000000000001	1.628642699190446	0.8377711524644176
1	0	0.6000000000000001	1.17054193209677	1.003404680336931
1	0	0.6000000000000001	0.7052243847470262	1.14022571392277
1	0	0.6000000000000001	0.235558894554412	1.219088931742382

1	0	0.7000000000000001	5.995374217444337	0.09421737503916404
1	0	0.7000000000000001	5.958410741729558	0.09541372851330748
1	0	0.7000000000000001	5.884711682419383	0.0978686275790811
1	0	0.7000000000000001	5.774731418721884	0.1017135413068287
1	0	0.7000000000000001	5.629148015534905	0.1071648227448648
1	0	0.7000000000000001	5.448859042950488	0.1145511719926483
1	0	0.7000000000000001	5.234976042436783	0.1243593008992415
1	0	0.7000000000000001	4.988817673815271	0.137309376504848
1	0	0.7000000000000001	4.71190158528447	0.1544810064832813
1	0	0.7000000000000001	4.405935056614114	0.1775249654839327
1	0	0.7000000000000001	4.07280447319765	0.2090085215305556
1	0	0.7000000000000001	3.714563695859004	0.2529067377790674
1	0	0.7000000000000001	3.333421398117614	0.3150185320994773
1	0	0.7000000000000001	2.93172744898173	0.4024582622764842
1	0	0.7000000000000001	2.511958425224569	0.5208225370375995
1	0	0.7000000000000001	2.076702342464958	0.669124774404216
1	0	0.7000000000000001	1.628642699190446	0.836171048486451
1	0	0.7000000000000001	1.17054193209677	1.001409834876151
1	0	0.7000000000000001	0.7052243847470262	1.137894731632313
1	0	0.7000000000000001	0.235558894554412	1.216560038315254

1	0	0.8	5.995374217444337	0.09408738624337598
1	0	0.8	5.958410741729558	0.09528202115944109
1	0	0.8	5.884711682419383	0.09773338792602126
1	0	0.8	5.774731418721884	0.1015727533799258
1	0	0.8	5.629148015534905	0.1070161348309784
1	0	0.8	5.448859042950488	0.1143917156299289
1	0	0.8	5.234976042436783	0.1241854284811606
1	0	0.8	4.988817673815271	0.137116258683197
1	0	0.8	4.71190158528447	0.1542619814052063
1	0	0.8	4.405935056614114	0.1772704350440201
1	0	0.8	4.07280447319765	0.2087040133980584
1	0	0.8	3.714563695859004	0.2525295250586631
1	0	0.8	3.333421398117614	0.3145323266056385
1	0	0.8	2.93172744898173	0.4018073133433034
1	0	0.8	2.511958425224569	0.5199311931822915
1	0	0.8	2.076702342464958	0.6679113239188663
1	0	0.8	1.628642699190446	0.8345751867873901
1	0	0.8	1.17054193209677	0.9994204648630417
1	0	0.8	0.7052243847470262	1.135570302281554
1	0	0.8	0.235558894554412	1.214038343961524

1	0	0.9	5.995374217444337	0.09395767018056123
1	0	0.9	5.958410741729558	0.09515059018960066
1	0	0.9	5.884711682419383	0.09759843216567927
1	0	0.9	5.774731418721884	0.101432261151889
1	0	0.9	5.629148015534905	0.1068677594523215
1	0	0.9	5.448859042950488	0.1142325948029603
1	0	0.9	5.234976042436783	0.1240119224868369
1	0	0.9	4.988817673815271	0.1369235487049538
1	0	0.9	4.71190158528447	0.1540434202936402
1	0	0.9	4.405935056614114	0.1770164462640834
1	0	0.9	4.07280447319765	0.2084001580866563
1	0	0.9	3.714563695859004	0.2521531313143969
1	0	0.9	3.333421398117614	0.3140472001103211
1	0	0.9	2.93172744898173	0.4011578604724363
1	0	0.9	2.511958425224569	0.5190419962094103
1	0	0.9	2.076702342464958	0.6667009474404019
1	0	0.9	1.628642699190446	0.8329835528965194
1	0	0.9	1.17054193209677	0.9974365510377726
1	0	0.9	0.7052243847470262	1.133252402331152
1	0	0.9	0.235558894554412	1.211523822533675

1	0	1	5.995374217444337	0.0938282260712531
1	0	1	5.958410741729558	0.09501943481384423
1	0	1	5.884711682419383	0.0974637594865677
1	0	1	5.774731418721884	0.1012920637773435
1	0	1	5.629148015534905	0.1067196957151697
1	0	1	5.448859042950488	0.1140738085519229
1	0	1	5.234976042436783	0.1238387818676042
1	0	1	4.988817673815271	0.136731245402145
1	0	1	4.71190158528447	0.1538253218185912
1	0	1	4.405935056614114	0.176762997588981
1	0	1	4.07280447319765	0.2080969537166528
1	0	1	3.714563695859004	0.2517775541738614
1	0	1	3.333421398117614	0.3135631494463946
1	0	1	2.93172744898173	0.4005098991585529
1	0	1	2.511958425224569	0.5181549393961895
1	0	1	2.076702342464958	0.6654936349029332
1	0	1	1.628642699190446	0.8313961324036315
1	0	1	1.17054193209677	0.9954580742233076
1	0	1	0.7052243847470262	1.130941008344889
1	0	1	0.235558894554412	1.209016447999851

1	0	1.1	5.995374217444337	0.09369905313882126
1	0	1.1	5.958410741729558	0.0948885542451047
1	0	1.1	5.884711682419383	0.09732936908015084
1	0	1.1	5.774731418721884	0.1011521604139894
1	0	1.1	5.629148015534905	0.1065719427290502
1	0	1.1	5.448859042950488	0.1139153559204886
1	0	1.1	5.234976042436783	0.1236660055786133
1	0	1.1	4.988817673815271	0.1365393476110496
1	0	1.1	4.71190158528447	0.1536076846549117
1	0	1.1	4.405935056614114	0.1765100874692353
1	0	1.1	4.07280447319765	0.2077943984152002
1	0	1.1	3.714563695859004	0.2514027912733109
1	0	1.1	3.333421398117614	0.3130801714583822
1	0	1.1	2.93172744898173	0.3998634249132073
1	0	1.1	2.511958425224569	0.5172700160458802
1	0	1.1	2.076702342464958	0.6642893762811302
1	0	1.1	1.628642699190446	0.8298129109587334
1	0	1.1	1.17054193209677	0.9934850153249878
1	0	1.1	0.7052243847470262	1.128636096989126
1	0	1.1	0.235558894554412	1.206516194443287

1	0	1.2	5.995374217444337	0.09357015060945692
1	0	1.2	5.958410741729558	0.09475794769917463
1	0	1.2	5.884711682419383	0.09719526014083267
1	0	1.2	5.774731418721884	0.1010125502225878
1	0	1.2	5.629148015534905	0.1064244996067265
1	0	1.2	5.448859042950488	0.1137572359558081
1	0	1.2	5.234976042436783	0.1234935925788131
1	0	1.2	4.988817673815271	0.1363478541721762
1	0	1.2	4.71190158528447	0.1533905074822713
1	0	1.2	4.405935056614114	0.1762577143610071
1	0	1.2	4.07280447319765	0.2074924903162708
1	0	1.2	3.714563695859004	0.2510288402576325
1	0	1.2	3.333421398117614	0.3125982630024054
1	0	1.2	2.93172744898173	0.3992184332647568
1	0	1.2	2.511958425224569	0.5163872194876363
1	0	1.2	2.076702342464958	0.663088161590013
1	0	1.2	1.628642699190446	0.8282338742717329
1	0	1.2	1.17054193209677	0.9915173553301094
1	0	1.2	0.7052243847470262	1.126337645032273
1	0	1.2	0.235558894554412	1.204023036061691

1	0	1.3	5.995374217444337	0.09344151771216225
1	0	1.3	5.958410741729558	0.09462761439469533
1	0	1.3	5.884711682419383	0.09706143186594166
1	0	1.3	5.774731418721884	0.1008732323669489
1	0	1.3	5.629148015534905	0.1062773654641854
1	0	1.3	5.448859042950488	0.1135994477084908
1	0	1.3	5.234976042436783	0.1233215418309351
1	0	1.3	4.988817673815271	0.1361567639302469
1	0	1.3	4.71190158528447	0.1531737889851383
1	0	1.3	4.405935056614114	0.1760058767260681
1	0	1.3	4.07280447319765	0.207191227560624
1	0	1.3	3.714563695859004	0.2506556987802966
1	0	1.3	3.333421398117614	0.312117420946133
1	0	1.3	2.93172744898173	0.3985749197582847
1	0	1.3	2.511958425224569	0.5155065430763917
1	0	1.3	2.076702342464958	0.6618899808847609
1	0	1.3	1.628642699190446	0.8266590081121521
1	0	1.3	1.17054193209677	0.9895550753075123
1	0	1.3	0.7052243847470262	1.12404562934427
1	0	1.3	0.235558894554412	1.201536947166656

1	0	1.4	5.995374217444337	0.09331315367873687
1	0	1.4	5.958410741729558	0.09449755355314314
1	0	1.4	5.884711682419383	0.09692788345572023
1	0	1.4	5.774731418721884	0.1007342060139171
1	0	1.4	5.629148015534905	0.1061305394206217
1	0	1.4	5.448859042950488	0.1134419902325943
1	0	1.4	5.234976042436783	0.1231498523014763
1	0	1.4	4.988817673815271	0.135966075734179
1	0	1.4	4.71190158528447	0.1529575278527586
1	0	1.4	4.405935056614114	0.1757545730317782
1	0	1.4	4.07280447319765	0.2068906082957798
1	0	1.4	3.714563695859004	0.2502833645033227
1	0	1.4	3.333421398117614	0.31163764216873
1	0	1.4	2.93172744898173	0.3979328799555289
1	0	1.4	2.511958425224569	0.5146279801927406
1	0	1.4	2.076702342464958	0.6606948242605284
1	0	1.4	1.628642699190446	0.8250882983088322
1	0	1.4	1.17054193209677	0.9875981564071608
1	0	1.4	0.7052243847470262	1.121760026896055
1	0	1.4	0.235558894554412	1.199057902183067

1	0	1.5	5.995374217444337	0.09318505774376663
1	0	1.5	5.958410741729558	0.09436776439881753
1	0	1.5	5.884711682419383	0.09679461411331068
1	0	1.5	5.774731418721884	0.1005954703333582
1	0	1.5	5.629148015534905	0.1059840205984251
1	0	1.5	5.448859042950488	0.1132848625856054
1	0	1.5	5.234976042436783	0.1229785229606818
1	0	1.5	4.988817673815271	0.1357757884370652
1	0	1.5	4.71190158528447	0.1527417227791339
1	0	1.5	4.405935056614114	0.1755038017510595
1	0	1.5	4.07280447319765	0.2065906306759846
1	0	1.5	3.714563695859004	0.2499118350972467
1	0	1.5	3.333421398117614	0.3111589235608108
1	0	1.5	2.93172744898173	0.397292309434805
1	0	1.5	2.511958425224569	0.5137515242428173
1	0	1.5	2.076702342464958	0.6595026818522468
1	0	1.5	1.628642699190446	0.823521730749646
1	0	1.5	1.17054193209677	0.9856465798597424
1	0	1.5	0.7052243847470262	1.119480814759043
1	0	1.5	0.235558894554412	1.196585875648492

1	0	1.6	5.995374217444337	0.09305722914460925
1	0	1.6	5.958410741729558	0.0942382461588291
1	0	1.6	5.884711682419383	0.09666162304474231
1	0	1.6	5.774731418721884	0.1004570244981456
1	0	1.6	5.629148015534905	0.105837808123165
1	0	1.6	5.448859042950488	0.1131280638284273
1	0	1.6	5.234976042436783	0.1228075527825293
1	0	1.6	4.988817673815271	0.1355859008961554
1	0	1.6	4.71190158528447	0.152526372463002
1	0	1.6	4.405935056614114	0.1752535613623747
1	0	1.6	4.07280447319765	0.2062912928621875
1	0	1.6	3.714563695859004	0.2495411082410738
1	0	1.6	3.333421398117614	0.3106812620243785
1	0	1.6	2.93172744898173	0.3966532037909327
1	0	1.6	2.511958425224569	0.5128771686581861
1	0	1.6	2.076702342464958	0.6583135438344341
1	0	1.6	1.628642699190446	0.8219592913811835
1	0	1.6	1.17054193209677	0.9837003269762431
1	0	1.6	0.7052243847470262	1.11720797010463
1	0	1.6	0.235558894554412	1.194120842212637

1	0	1.7	5.995374217444337	0.09292966712138476
1	0	1.7	5.958410741729558	0.09410899806308493
1	0	1.7	5.884711682419383	0.0965289094589194
1	0	1.7	5.774731418721884	0.1003188676841477
1	0	1.7	5.629148015534905	0.1056919011235771
1	0	1.7	5.448859042950488	0.1129715930253639
1	0	1.7	5.234976042436783	0.122636940744713
1	0	1.7	4.988817673815271	0.1353964119728383
1	0	1.7	4.71190158528447	0.1523114756078134
1	0	1.7	4.405935056614114	0.1750038503496975
1	0	1.7	4.07280447319765	0.2059925930220046
1	0	1.7	3.714563695859004	0.249171181622252
1	0	1.7	3.333421398117614	0.310204654472787
1	0	1.7	2.93172744898173	0.3960155586351612
1	0	1.7	2.511958425224569	0.5120049068957173
1	0	1.7	2.076702342464958	0.6571274004210149
1	0	1.7	1.628642699190446	0.8204009662084946
1	0	1.7	1.17054193209677	0.9817593791475545
1	0	1.7	0.7052243847470262	1.114941470203638
1	0	1.7	0.235558894554412	1.191662776636722

1	0	1.8	5.995374217444337	0.09280237091696096
1	0	1.8	5.958410741729558	0.09398001934427976
1	0	1.8	5.884711682419383	0.09639647256760714
1	0	1.8	5.774731418721884	0.1001809990702145
1	0	1.8	5.629148015534905	0.1055462987315491
1	0	1.8	5.448859042950488	0.1128154492441047
1	0	1.8	5.234976042436783	0.1224666858286254
1	0	1.8	4.988817673815271	0.135207320532625
1	0	1.8	4.71190158528447	0.1520970309217132
1	0	1.8	4.405935056614114	0.1747546672024946
1	0	1.8	4.07280447319765	0.2056945293296936
1	0	1.8	3.714563695859004	0.2488020529366247
1	0	1.8	3.333421398117614	0.3097290978306834
1	0	1.8	2.93172744898173	0.3953793695950941
1	0	1.8	2.511958425224569	0.5111347324374695
1	0	1.8	2.076702342464958	0.6559442418651127
1	0	1.8	1.628642699190446	0.8188467412947742
1	0	1.8	1.17054193209677	0.9798237178440673
1	0	1.8	0.7052243847470262	1.112681292425836
1	0	1.8	0.235558894554412	1.189211653792921

1	0	1.9	5.995374217444337	0.09267533977694312
1	0	1.9	5.958410741729558	0.0938513092378805
1	0	1.9	5.884711682419383	0.09626431158542098
1	0	1.9	5.774731418721884	0.1000434178381642
1	0	1.9	5.629148015534905	0.1054010000821073
1	0	1.9	5.448859042950488	0.1126596315557088
1	0	1.9	5.234976042436783	0.1222967870193423
1	0	1.9	4.988817673815271	0.1350186254451285
1	0	1.9	4.71190158528447	0.1518830371175178
1	0	1.9	4.405935056614114	0.1745060104156952
1	0	1.9	4.07280447319765	0.2053970999661231
1	0	1.9	3.714563695859004	0.2484337198884037
1	0	1.9	3.333421398117614	0.3092545890339549
1	0	1.9	2.93172744898173	0.3947446323146236
1	0	1.9	2.511958425224569	0.510266638790586
1	0	1.9	2.076702342464958	0.6547640584588942
1	0	1.9	1.628642699190446	0.8172966027610908
1	0	1.9	1.17054193209677	0.9778933246152637
1	0	1.9	0.7052243847470262	1.110427414239436
1	0	1.9	0.235558894554412	1.186767448663785

1	0	2	5.995374217444337	0.09254857294966091
1	0	2	5.958410741729558	0.09372286698211617
1	0	2	5.884711682419383	0.09613242572981252
1	0	2	5.774731418721884	0.09990612317277063
1	0	2	5.629148015534905	0.1052560043134025
1	0	2	5.448859042950488	0.1125041390345929
1	0	2	5.234976042436783	0.1221272433056073
1	0	2	4.988817673815271	0.1348303255840456
1	0	2	4.71190158528447	0.1516694929126971
1	0	2	4.405935056614114	0.1742578784896714
1	0	2	4.07280447319765	0.2051003031187432
1	0	2	3.714563695859004	0.2480661801901216
1	0	2	3.333421398117614	0.3087811250296868
1	0	2	2.93172744898173	0.3941113424538483
1	0	2	2.511958425224569	0.5094006194871636
1	0	2	2.076702342464958	0.6535868405333489
1	0	2	1.628642699190446	0.8157505367860927
1	0	2	1.17054193209677	0.9759681810893178
1	0	2	0.7052243847470262	1.108179813210534
1	0	2	0.235558894554412	1.184330136341674

1	0	2.1	5.995374217444337	0.09242206968615652
1	0	2.1	5.958410741729558	0.09359469181796441
1	0	2.1	5.884711682419383	0.09600081422105766
1	0	2.1	5.774731418721884	0.09976911426174966
1	0	2.1	5.629148015534905	0.1051113105666964
1	0	2.1	5.448859042950488	0.1123489707585142
1	0	2.1	5.234976042436783	0.1219580536798144
1	0	2.1	4.988817673815271	0.1346424198271411
1	0	2.1	4.71190158528447	0.1514563970293533
1	0	2.1	4.405935056614114	0.1740102699302142
1	0	2.1	4.07280447319765	0.2048041369815577
1	0	2.1	3.714563695859004	0.2476994315626058
1	0	2.1	3.333421398117614	0.3083087027761135
1	0	2.1	2.93172744898173	0.3934794956890054
1	0	2.1	2.511958425224569	0.5085366680841436
1	0	2.1	2.076702342464958	0.6524125784581323
1	0	2.1	1.628642699190446	0.8142085296057348
1	0	2.1	1.17054193209677	0.9740482689727123
1	0	2.1	0.7052243847470262	1.105938467002681
1	0	2.1	0.235558894554412	1.181899692028184

1	0	2.2	5.995374217444337	0.09229582924017317
1	0	2.2	5.958410741729558	0.09346678298914005
1	0	2.2	5.884711682419383	0.09586947628224485
1	0	2.2	5.774731418721884	0.09963239029574589
1	0	2.2	5.629148015534905	0.1049669179863474
1	0	2.2	5.448859042950488	0.1121941258085556
1	0	2.2	5.234976042436783	0.1217892171379916
1	0	2.2	4.988817673815271	0.1344549070562276
1	0	2.2	4.71190158528447	0.1512437481941988
1	0	2.2	4.405935056614114	0.173763183248506
1	0	2.2	4.07280447319765	0.2045085997550955
1	0	2.2	3.714563695859004	0.2473334717349333
1	0	2.2	3.333421398117614	0.3078373192425589
1	0	2.2	2.93172744898173	0.392849087712397
1	0	2.2	2.511958425224569	0.5076747781632097
1	0	2.2	2.076702342464958	0.6512412626413661
1	0	2.2	1.628642699190446	0.8126705675129851
1	0	2.2	1.17054193209677	0.972133570049827
1	0	2.2	0.7052243847470262	1.10370335337634
1	0	2.2	0.235558894554412	1.179476091033576

1	0	2.3	5.995374217444337	0.0921698508681431
1	0	2.3	5.958410741729558	0.09333913974208376
1	0	2.3	5.884711682419383	0.09573841113926049
1	0	2.3	5.774731418721884	0.09949595046832203
1	0	2.3	5.629148015534905	0.1048228257197979
1	0	2.3	5.448859042950488	0.1120396032691131
1	0	2.3	5.234976042436783	0.1216207326797865
1	0	2.3	4.988817673815271	0.1342677861571504
1	0	2.3	4.71190158528447	0.1510315451385366
1	0	2.3	4.405935056614114	0.1735166169610998
1	0	2.3	4.07280447319765	0.2042136896463794
1	0	2.3	3.714563695859004	0.2469682984444008
1	0	2.3	3.333421398117614	0.3073669714093986
1	0	2.3	2.93172744898173	0.3922201142323234
1	0	2.3	2.511958425224569	0.5068149433306542
1	0	2.3	2.076702342464958	0.6500728835294627
1	0	2.3	1.628642699190446	0.8111366368575538
1	0	2.3	1.17054193209677	0.970224066182555
1	0	2.3	0.7052243847470262	1.101474450188391
1	0	2.3	0.235558894554412	1.177059308776218

1	0	2.4	5.995374217444337	0.0920441338291746
1	0	2.4	5.958410741729558	0.09321176132594818
1	0	2.4	5.884711682419383	0.09560761802077947
1	0	2.4	5.774731418721884	0.09935979397594306
1	0	2.4	5.629148015534905	0.1046790329175601
1	0	2.4	5.448859042950488	0.1118854022278793
1	0	2.4	5.234976042436783	0.1214525993084496
1	0	2.4	4.988817673815271	0.1340810560197672
1	0	2.4	4.71190158528447	0.1508197865982431
1	0	2.4	4.405935056614114	0.1732705695898981
1	0	2.4	4.07280447319765	0.2039194048689012
1	0	2.4	3.714563695859004	0.2466039094364846
1	0	2.4	3.333421398117614	0.3068976562680093
1	0	2.4	2.93172744898173	0.391592570973002
1	0	2.4	2.511958425224569	0.5059571572172816
1	0	2.4	2.076702342464958	0.6489074316069353
1	0	2.4	1.628642699190446	0.8096067240456121
1	0	2.4	1.17054193209677	0.968319739309916
1	0	2.4	0.7052243847470262	1.099251735391648
1	0	2.4	0.235558894554412	1.174649320782042

1	0	2.5	5.995374217444337	0.09191867738504299
1	0	2.5	5.958410741729558	0.09308464699258857
1	0	2.5	5.884711682419383	0.09547709615825217
1	0	2.5	5.774731418721884	0.09922392001796602
1	0	2.5	5.629148015534905	0.1045355387332031
1	0	2.5	5.448859042950488	0.1117315217758291
1	0	2.5	5.234976042436783	0.1212848160308187
1	0	2.5	4.988817673815271	0.1338947155379308
1	0	2.5	4.71190158528447	0.150608471313745
1	0	2.5	4.405935056614114	0.1730250396621232
1	0	2.5	4.07280447319765	0.2036257436425922
1	0	2.5	3.714563695859004	0.2462403024648067
1	0	2.5	3.333421398117614	0.3064293708207122
1	0	2.5	2.93172744898173	0.3909664536745078
1	0	2.5	2.511958425224569	0.5051014134782917
1	0	2.5	2.076702342464958	0.6477448973962315
1	0	2.5	1.628642699190446	0.8080808155395085
1	0	2.5	1.17054193209677	0.966420571447655
1	0	2.5	0.7052243847470262	1.097035187034365
1	0	2.5	0.235558894554412	1.172246102683966

1	0	2.6	5.995374217444337	0.09179348080017645
1	0	2.6	5.958410741729558	0.09295779599654831
1	0	2.6	5.884711682419383	0.09534684478589019
1	0	2.6	5.774731418721884	0.09908832779662562
1	0	2.6	5.629148015534905	0.1043923423233387
1	0	2.6	5.448859042950488	0.1115779610072081
1	0	2.6	5.234976042436783	0.1211173818573028
1	0	2.6	4.988817673815271	0.1337087636094734
1	0	2.6	4.71190158528447	0.1503975980299986
1	0	2.6	4.405935056614114	0.1727800257102987
1	0	2.6	4.07280447319765	0.2033327041937912
1	0	2.6	3.714563695859004	0.2458774752910995
1	0	2.6	3.333421398117614	0.305962112080736
1	0	2.6	2.93172744898173	0.3903417580926978
1	0	2.6	2.511958425224569	0.50424770579316
1	0	2.6	2.076702342464958	0.6465852714575413
1	0	2.6	1.628642699190446	0.8065588978575098
1	0	2.6	1.17054193209677	0.9645265446878682
1	0	2.6	0.7052243847470262	1.094824783259748
1	0	2.6	0.235558894554412	1.16984963022134

1	0	2.7	5.995374217444337	0.09166854334164537
1	0	2.7	5.958410741729558	0.09283120759504937
1	0	2.7	5.884711682419383	0.09521686314065721
1	0	2.7	5.774731418721884	0.09895301651702298
1	0	2.7	5.629148015534905	0.1042494428476091
1	0	2.7	5.448859042950488	0.1114247190195138
1	0	2.7	5.234976042436783	0.1209502958018663
1	0	2.7	4.988817673815271	0.1335231991361894
1	0	2.7	4.71190158528447	0.1501871654964719
1	0	2.7	4.405935056614114	0.1725355262722248
1	0	2.7	4.07280447319765	0.2030402847552232
1	0	2.7	3.714563695859004	0.2455154256851694
1	0	2.7	3.333421398117614	0.3054958770721619
1	0	2.7	2.93172744898173	0.3897184799991336
1	0	2.7	2.511958425224569	0.5033960278655399
1	0	2.7	2.076702342464958	0.645428544388616
1	0	2.7	1.628642699190446	0.8050409575735089
1	0	2.7	1.17054193209677	0.9626376411986129
1	0	2.7	0.7052243847470262	1.092620502305477
1	0	2.7	0.235558894554412	1.167459879239435

1	0	2.8	5.995374217444337	0.09154386427915059
1	0	2.8	5.958410741729558	0.09270488104797917
1	0	2.8	5.884711682419383	0.09508715046225499
1	0	2.8	5.774731418721884	0.09881798538711213
1	0	2.8	5.629148015534905	0.1041068394686724
1	0	2.8	5.448859042950488	0.1112717949134842
1	0	2.8	5.234976042436783	0.1207835568820157
1	0	2.8	4.988817673815271	0.1333380210238139
1	0	2.8	4.71190158528447	0.1499771724671266
1	0	2.8	4.405935056614114	0.1722915398909561
1	0	2.8	4.07280447319765	0.2027484835659672
1	0	2.8	3.714563695859004	0.2451541514248605
1	0	2.8	3.333421398117614	0.3050306628298805
1	0	2.8	2.93172744898173	0.3890966151810278
1	0	2.8	2.511958425224569	0.502546373423143
1	0	2.8	2.076702342464958	0.6442747068246094
1	0	2.8	1.628642699190446	0.8035269813167615
1	0	2.8	1.17054193209677	0.9607538432235412
1	0	2.8	0.7052243847470262	1.090422322503202
1	0	2.8	0.235558894554412	1.165076825688849

1	0	2.9	5.995374217444337	0.09141944288501282
1	0	2.9	5.958410741729558	0.09257881561787945
1	0	2.9	5.884711682419383	0.094957705993113
1	0	2.9	5.774731418721884	0.09868323361768767
1	0	2.9	5.629148015534905	0.1039645313521913
1	0	2.9	5.448859042950488	0.1111191877930849
1	0	2.9	5.234976042436783	0.1206171641187799
1	0	2.9	4.988817673815271	0.1331532281820105
1	0	2.9	4.71190158528447	0.1497676177003939
1	0	2.9	4.405935056614114	0.1720480651147764
1	0	2.9	4.07280447319765	0.2024572988714285
1	0	2.9	3.714563695859004	0.244793650296022
1	0	2.9	3.333421398117614	0.3045664663995373
1	0	2.9	2.93172744898173	0.3884761594411565
1	0	2.9	2.511958425224569	0.5016987362176394
1	0	2.9	2.076702342464958	0.6431237494378734
1	0	2.9	1.628642699190446	0.8020169557716252
1	0	2.9	1.17054193209677	0.9588751330815003
1	0	2.9	0.7052243847470262	1.088230222278088
1	0	2.9	0.235558894554412	1.162700445624998

1	0	3	5.995374217444337	0.09129527843415933
1	0	3	5.958410741729558	0.09245301056993574
1	0	3	5.884711682419383	0.0948285289783744
1	0	3	5.774731418721884	0.09854876042237308
1	0	3	5.629148015534905	0.103822517666818
1	0	3	5.448859042950488	0.1109668967654907
1	0	3	5.234976042436783	0.1204511165366986
1	0	3	4.988817673815271	0.1329688195243516
1	0	3	4.71190158528447	0.1495584999591592
1	0	3	4.405935056614114	0.171805100497179
1	0	3	4.07280447319765	0.2021667289233127
1	0	3	3.714563695859004	0.2444339200924717
1	0	3	3.333421398117614	0.3041032848374968
1	0	3	2.93172744898173	0.3878571085978054
1	0	3	2.511958425224569	0.5008531100245305
1	0	3	2.076702342464958	0.6419756629378111
1	0	3	1.628642699190446	0.8005108676772649
1	0	3	1.17054193209677	0.9570014931661669
1	0	3	0.7052243847470262	1.086044180148321
1	0	3	0.235558894554412	1.160330715207563

1	0	3.1	5.995374217444337	0.09117137020411419
1	0	3.1	5.958410741729558	0.09232746517196312
1	0	3.1	5.884711682419383	0.09469961866588666
1	0	3.1	5.774731418721884	0.09841456501760792
1	0	3.1	5.629148015534905	0.1036807975841818
1	0	3.1	5.448859042950488	0.110814920941076
1	0	3.1	5.234976042436783	0.1202854131638061
1	0	3.1	4.988817673815271	0.1327847939683023
1	0	3.1	4.71190158528447	0.1493498180107394
1	0	3.1	4.405935056614114	0.1715626445968411
1	0	3.1	4.07280447319765	0.201876771979596
1	0	3.1	3.714563695859004	0.2440749586159605
1	0	3.1	3.333421398117614	0.3036411152107835
1	0	3.1	2.93172744898173	0.3872394584846914
1	0	3.1	2.511958425224569	0.5000094886430611
1	0	3.1	2.076702342464958	0.6408304380706747
1	0	3.1	1.628642699190446	0.7990087038274126
1	0	3.1	1.17054193209677	0.9551329059456702
1	0	3.1	0.7052243847470262	1.083864174724663
1	0	3.1	0.235558894554412	1.157967610699962

1	0	3.2	5.995374217444337	0.09104771747498672
1	0	3.2	5.958410741729558	0.09220217869439723
1	0	3.2	5.884711682419383	0.09457097430618724
1	0	3.2	5.774731418721884	0.09828064662263562
1	0	3.2	5.629148015534905	0.1035393702788774
1	0	3.2	5.448859042950488	0.1106632594333989
1	0	3.2	5.234976042436783	0.1201200530316147
1	0	3.2	4.988817673815271	0.132601150435202
1	0	3.2	4.71190158528447	0.1491415706268672
1	0	3.2	4.405935056614114	0.1713206959776044
1	0	3.2	4.07280447319765	0.2015874263045023
1	0	3.2	3.714563695859004	0.2437167636761416
1	0	3.2	3.333421398117614	0.3031799545970429
1	0	3.2	2.93172744898173	0.3866232049508981
1	0	3.2	2.511958425224569	0.4991678658960995
1	0	3.2	2.076702342464958	0.6396880656194158
1	0	3.2	1.628642699190446	0.7975104510700823
1	0	3.2	1.17054193209677	0.953269353962222
1	0	3.2	0.7052243847470262	1.081690184709925
1	0	3.2	0.235558894554412	1.155611108468803

1	0	3.3	5.995374217444337	0.09092431952945924
1	0	3.3	5.958410741729558	0.092077150410283
1	0	3.3	5.884711682419383	0.09444259515249416
1	0	3.3	5.774731418721884	0.09814700445949023
1	0	3.3	5.629148015534905	0.1033982349284502
1	0	3.3	5.448859042950488	0.1105119113591861
1	0	3.3	5.234976042436783	0.1199550351751009
1	0	3.3	4.988817673815271	0.1324178878502495
1	0	3.3	4.71190158528447	0.1489337565836676
1	0	3.3	4.405935056614114	0.171079253208448
1	0	3.3	4.07280447319765	0.2012986901684702
1	0	3.3	3.714563695859004	0.2433593330905296
1	0	3.3	3.333421398117614	0.3027198000844952
1	0	3.3	2.93172744898173	0.386008343860806
1	0	3.3	2.511958425224569	0.498328235630026
1	0	3.3	2.076702342464958	0.6385485364034975
1	0	3.3	1.628642699190446	0.7960160963073155
1	0	3.3	1.17054193209677	0.9514108198317414
1	0	3.3	0.7052243847470262	1.07952218889857
1	0	3.3	0.235558894554412	1.153261184983386

1	0	3.4	5.995374217444337	0.09080117565277789
1	0	3.4	5.958410741729558	0.09195237959526065
1	0	3.4	5.884711682419383	0.09431448046069323
1	0	3.4	5.774731418721884	0.09801363775298635
1	0	3.4	5.629148015534905	0.1032573907133839
1	0	3.4	5.448859042950488	0.1103608758383228
1	0	3.4	5.234976042436783	0.1197903586326897
1	0	3.4	4.988817673815271	0.1322350051424842
1	0	3.4	4.71190158528447	0.1487263746616422
1	0	3.4	4.405935056614114	0.1708383148634704
1	0	3.4	4.07280447319765	0.2010105618481306
1	0	3.4	3.714563695859004	0.2430026646844724
1	0	3.4	3.333421398117614	0.3022606487718846
1	0	3.4	2.93172744898173	0.3853948710940305
1	0	3.4	2.511958425224569	0.497490591714644
1	0	3.4	2.076702342464958	0.6374118412787193
1	0	3.4	1.628642699190446	0.7945256264949113
1	0	3.4	1.17054193209677	0.9495572862434986
1	0	3.4	0.7052243847470262	1.077360166176188
1	0	3.4	0.235558894554412	1.150917816815127

1	0	3.5	5.995374217444337	0.09067828513273879
1	0	3.5	5.958410741729558	0.09182786552755659
1	0	3.5	5.884711682419383	0.09418662948932607
1	0	3.5	5.774731418721884	0.09788054573070587
1	0	3.5	5.629148015534905	0.1031168368170891
1	0	3.5	5.448859042950488	0.1102101519938341
1	0	3.5	5.234976042436783	0.1196260224462402
1	0	3.5	4.988817673815271	0.1320525012447719
1	0	3.5	4.71190158528447	0.1485194236456497
1	0	3.5	4.405935056614114	0.1705978795218665
1	0	3.5	4.07280447319765	0.2007230396262776
1	0	3.5	3.714563695859004	0.2426467562911137
1	0	3.5	3.333421398117614	0.3018024977684366
1	0	3.5	2.93172744898173	0.3847827825453439
1	0	3.5	2.511958425224569	0.4966549280430521
1	0	3.5	2.076702342464958	0.6362779711370646
1	0	3.5	1.628642699190446	0.793039028642176
1	0	3.5	1.17054193209677	0.9477087359597263
1	0	3.5	0.7052243847470262	1.075204095519075
1	0	3.5	0.235558894554412	1.148580980637091

1	0	3.6	5.995374217444337	0.09055564725967925
1	0	3.6	5.958410741729558	0.09170360748797353
1	0	3.6	5.884711682419383	0.09405904149957961
1	0	3.6	5.774731418721884	0.09774772762298575
1	0	3.6	5.629148015534905	0.1029765724258886
1	0	3.6	5.448859042950488	0.1100597389518761
1	0	3.6	5.234976042436783	0.1194620256610302
1	0	3.6	4.988817673815271	0.1318703750937853
1	0	3.6	4.71190158528447	0.1483129023248848
1	0	3.6	4.405935056614114	0.1703579457679035
1	0	3.6	4.07280447319765	0.2004361217918409
1	0	3.6	3.714563695859004	0.242291605751362
1	0	3.6	3.333421398117614	0.3013453441938098
1	0	3.6	2.93172744898173	0.3841720741246198
1	0	3.6	2.511958425224569	0.495821238531554
1	0	3.6	2.076702342464958	0.6351469169065107
1	0	3.6	1.628642699190446	0.7915562898116478
1	0	3.6	1.17054193209677	0.9458651518152834
1	0	3.6	0.7052243847470262	1.073053955993738
1	0	3.6	0.235558894554412	1.146250653223428

1	0	3.7	5.995374217444337	0.09043326132646522
1	0	3.7	5.958410741729558	0.09157960475987451
1	0	3.7	5.884711682419383	0.09393171575527377
1	0	3.7	5.774731418721884	0.097615182662906
1	0	3.7	5.629148015534905	0.1028365967290061
1	0	3.7	5.448859042950488	0.1099096358417184
1	0	3.7	5.234976042436783	0.1192983673257412
1	0	3.7	4.988817673815271	0.1316886256299903
1	0	3.7	4.71190158528447	0.148106809492861
1	0	3.7	4.405935056614114	0.1701185121908999
1	0	3.7	4.07280447319765	0.2001498066398625
1	0	3.7	3.714563695859004	0.2419372109138523
1	0	3.7	3.333421398117614	0.3008891851780577
1	0	3.7	2.93172744898173	0.3835627417567574
1	0	3.7	2.511958425224569	0.4949895171195474
1	0	3.7	2.076702342464958	0.6340186695508756
1	0	3.7	1.628642699190446	0.7900773971188478
1	0	3.7	1.17054193209677	0.9440265167172732
1	0	3.7	0.7052243847470262	1.070909726756462
1	0	3.7	0.235558894554412	1.143926811448875

1	0	3.8	5.995374217444337	0.09031112662848213
1	0	3.8	5.958410741729558	0.09145585662917738
1	0	3.8	5.884711682419383	0.09380465152285083
1	0	3.8	5.774731418721884	0.09748291008627881
1	0	3.8	5.629148015534905	0.1026969089185528
1	0	3.8	5.448859042950488	0.1097598417957334
1	0	3.8	5.234976042436783	0.1191350464924447
1	0	3.8	4.988817673815271	0.1315072517976263
1	0	3.8	4.71190158528447	0.1479011439473933
1	0	3.8	4.405935056614114	0.1698795773852039
1	0	3.8	4.07280447319765	0.1998640924714667
1	0	3.8	3.714563695859004	0.2415835696349181
1	0	3.8	3.333421398117614	0.3004340178615715
1	0	3.8	2.93172744898173	0.3829547813816208
1	0	3.8	2.511958425224569	0.4941597577694182
1	0	3.8	2.076702342464958	0.6328932200696303
1	0	3.8	1.628642699190446	0.7886023377320195
1	0	3.8	1.17054193209677	0.9421928136446883
1	0	3.8	0.7052243847470262	1.068771387052856
1	0	3.8	0.235558894554412	1.14160943228825

1	0	3.9	5.995374217444337	0.09018924246362114
1	0	3.9	5.958410741729558	0.09133236238433938
1	0	3.9	5.884711682419383	0.0936778480713629
1	0	3.9	5.774731418721884	0.09735090913163554
1	0	3.9	5.629148015534905	0.1025575081895157
1	0	3.9	5.448859042950488	0.1096103559493819
1	0	3.9	5.234976042436783	0.1189720622165855
1	0	3.9	4.988817673815271	0.1313262525446937
1	0	3.9	4.71190158528447	0.1476959044905766
1	0	3.9	4.405935056614114	0.1696411399501729
1	0	3.9	4.07280447319765	0.1995789775938364
1	0	3.9	3.714563695859004	0.2412306797785536
1	0	3.9	3.333421398117614	0.2999798393950439
1	0	3.9	2.93172744898173	0.3823481889539732
1	0	3.9	2.511958425224569	0.4933319544664391
1	0	3.9	2.076702342464958	0.6317705594977531
1	0	3.9	1.628642699190446	0.7871310988718787
1	0	3.9	1.17054193209677	0.9403640256480621
1	0	3.9	0.7052243847470262	1.066638916217387
1	0	3.9	0.235558894554412	1.13929849281591

1	0	4	5.995374217444337	0.09006760813227137
1	0	4	5.958410741729558	0.0912091213163489
1	0	4	5.884711682419383	0.09355130467246149
1	0	4	5.774731418721884	0.09721917904021564
1	0	4	5.629148015534905	0.102418393739745
1	0	4	5.448859042950488	0.1094611774411992
1	0	4	5.234976042436783	0.1188094135569694
1	0	4	4.988817673815271	0.1311456268229341
1	0	4	4.71190158528447	0.1474910899287682
1	0	4	4.405935056614114	0.1694031984901471
1	0	4	4.07280447319765	0.1992944603201844
1	0	4	3.714563695859004	0.240878539216383
1	0	4	3.333421398117614	0.2995266469394227
1	0	4	2.93172744898173	0.3817429604434058
1	0	4	2.511958425224569	0.4925061012186631
1	0	4	2.076702342464958	0.6306506789055496
1	0	4	1.628642699190446	0.7856636678113481
1	0	4	1.17054193209677	0.9385401358490947
1	0	4	0.7052243847470262	1.064512293672932
1	0	4	0.235558894554412	1.136993970205293

1	0	4.100000000000001	5.995374217444337	0.08994622293730724
1	0	4.100000000000001	5.958410741729558	0.09108613271871294
1	0	4.100000000000001	5.884711682419383	0.09342502060038671
1	0	4.100000000000001	5.774731418721884	0.09708771905595492
1	0	4.100000000000001	5.629148015534905	0.1022795647699404
1	0	4.100000000000001	5.448859042950488	0.1093123054127822
1	0	4.100000000000001	5.234976042436783	0.1186470995757468
1	0	4.100000000000001	4.988817673815271	0.1309653735878168
1	0	4.100000000000001	4.71190158528447	0.1472866990725714
1	0	4.100000000000001	4.405935056614114	0.169165751614434
1	0	4.100000000000001	4.07280447319765	0.1990105389697298
1	0	4.100000000000001	3.714563695859004	0.2405271458276267
1	0	4.100000000000001	3.333421398117614	0.2990744376658664
1	0	4.100000000000001	2.93172744898173	0.3811390918342797
1	0	4.100000000000001	2.511958425224569	0.4916821920568236
1	0	4.100000000000001	2.076702342464958	0.6295335693984928
1	0	4.100000000000001	1.628642699190446	0.7842000318753161
1	0	4.100000000000001	1.17054193209677	0.9367211274403184
1	0	4.100000000000001	0.7052243847470262	1.062391498930344
1	0	4.100000000000001	0.235558894554412	1.134695841728357

1	0	4.2	5.995374217444337	0.08982508618407754
1	0	4.2	5.958410741729558	0.09096339588744688
1	0	4.2	5.884711682419383	0.09329899513195485
1	0	4.2	5.774731418721884	0.09695652842547341
1	0	4.2	5.629148015534905	0.1021410204836413
1	0	4.2	5.448859042950488	0.1091637390087758
1	0	4.2	5.234976042436783	0.1184851193384
1	0	4.2	4.988817673815271	0.1307854917985203
1	0	4.2	4.71190158528447	0.1470827307368139
1	0	4.2	4.405935056614114	0.1689287979372837
1	0	4.2	4.07280447319765	0.1987272118676699
1	0	4.2	3.714563695859004	0.2401764974990667
1	0	4.2	3.333421398117614	0.2986232087556972
1	0	4.2	2.93172744898173	0.3805365791256552
1	0	4.2	2.511958425224569	0.4908602210342323
1	0	4.2	2.076702342464958	0.6284192221170543
1	0	4.2	1.628642699190446	0.7827401784403802
1	0	4.2	1.17054193209677	0.9349069836847375
1	0	4.2	0.7052243847470262	1.060276511588001
1	0	4.2	0.235558894554412	1.132404084755121

1	0	4.3	5.995374217444337	0.08970419718039668
1	0	4.3	5.958410741729558	0.09084091012106425
1	0	4.3	5.884711682419383	0.093173227546548
1	0	4.3	5.774731418721884	0.09682560639806395
1	0	4.3	5.629148015534905	0.1020027600872114
1	0	4.3	5.448859042950488	0.1090154773768615
1	0	4.3	5.234976042436783	0.1183234719137263
1	0	4.3	4.988817673815271	0.1306059804179196
1	0	4.3	4.71190158528447	0.1468791837405315
1	0	4.3	4.405935056614114	0.168692336077866
1	0	4.3	4.07280447319765	0.1984444773451556
1	0	4.3	3.714563695859004	0.2398265921250195
1	0	4.3	3.333421398117614	0.2981729574003597
1	0	4.3	2.93172744898173	0.3799354183312306
1	0	4.3	2.511958425224569	0.4900401822266726
1	0	4.3	2.076702342464958	0.6273076282365441
1	0	4.3	1.628642699190446	0.7812840949345928
1	0	4.3	1.17054193209677	0.9330976879154782
1	0	4.3	0.7052243847470262	1.058167311331363
1	0	4.3	0.235558894554412	1.13011867675315

1	0	4.4	5.995374217444337	0.08958355523653146
1	0	4.4	5.958410741729558	0.0907186747205644
1	0	4.4	5.884711682419383	0.09304771712610259
1	0	4.4	5.774731418721884	0.09669495222568109
1	0	4.4	5.629148015534905	0.1018647827898293
1	0	4.4	5.448859042950488	0.1088675196677416
1	0	4.4	5.234976042436783	0.1181621563738274
1	0	4.4	4.988817673815271	0.1304268384125646
1	0	4.4	4.71190158528447	0.1466760569069505
1	0	4.4	4.405935056614114	0.1684563646602547
1	0	4.4	4.07280447319765	0.1981623337392664
1	0	4.4	3.714563695859004	0.2394774276072976
1	0	4.4	3.333421398117614	0.2977236808013768
1	0	4.4	2.93172744898173	0.3793356054792775
1	0	4.4	2.511958425224569	0.4892220697323063
1	0	4.4	2.076702342464958	0.626198778966945
1	0	4.4	1.628642699190446	0.7798317688372189
1	0	4.4	1.17054193209677	0.9312932235354442
1	0	4.4	0.7052243847470262	1.056063877932528
1	0	4.4	0.235558894554412	1.127839595287048

1	0	4.5	5.995374217444337	0.08946315966519318
1	0	4.5	5.958410741729558	0.09059668898942268
1	0	4.5	5.884711682419383	0.09292246315509947
1	0	4.5	5.774731418721884	0.09656456516292962
1	0	4.5	5.629148015534905	0.1017270878034754
1	0	4.5	5.448859042950488	0.1087198650351273
1	0	4.5	5.234976042436783	0.1180011717940906
1	0	4.5	4.988817673815271	0.130248064752671
1	0	4.5	4.71190158528447	0.1464733490634666
1	0	4.5	4.405935056614114	0.1682208823133998
1	0	4.5	4.07280447319765	0.1978807793929819
1	0	4.5	3.714563695859004	0.2391290018551777
1	0	4.5	3.333421398117614	0.2972753761703021
1	0	4.5	2.93172744898173	0.3787371366125755
1	0	4.5	2.511958425224569	0.4884058776715598
1	0	4.5	2.076702342464958	0.6250926655527532
1	0	4.5	1.628642699190446	0.7783831876784879
1	0	4.5	1.17054193209677	0.9294935740169676
1	0	4.5	0.7052243847470262	1.053966191249816
1	0	4.5	0.235558894554412	1.125566818017987

1	0	4.600000000000001	5.995374217444337	0.08934300978152337
1	0	4.600000000000001	5.958410741729558	0.09047495223358076
1	0	4.600000000000001	5.884711682419383	0.09279746492055081
1	0	4.600000000000001	5.774731418721884	0.09643444446705152
1	0	4.600000000000001	5.629148015534905	0.1015896743429187
1	0	4.600000000000001	5.448859042950488	0.1085725126357273
1	0	4.600000000000001	5.234976042436783	0.117840517253179
1	0	4.600000000000001	4.988817673815271	0.1300696584121004
1	0	4.600000000000001	4.71190158528447	0.1462710590416323
1	0	4.600000000000001	4.405935056614114	0.1679858876711104
1	0	4.600000000000001	4.07280447319765	0.1975998126551602
1	0	4.600000000000001	3.714563695859004	0.2387813127853733
1	0	4.600000000000001	3.333421398117614	0.2968280407286846
1	0	4.600000000000001	2.93172744898173	0.3781400077883472
1	0	4.600000000000001	2.511958425224569	0.4875916001870385
1	0	4.600000000000001	2.076702342464958	0.6239892792728169
1	0	4.600000000000001	1.628642699190446	0.7769383390393421
1	0	4.600000000000001	1.17054193209677	0.9276987229014662
1	0	4.600000000000001	0.7052243847470262	1.051874231227299
1	0	4.600000000000001	0.235558894554412	1.123300322703207

1	0	4.7	5.995374217444337	0.08922310490308842
1	0	4.7	5.958410741729558	0.0903534637614334
1	0	4.7	5.884711682419383	0.09267272171199151
1	0	4.7	5.774731418721884	0.09630458939791708
1	0	4.7	5.629148015534905	0.1014525416257065
1	0	4.7	5.448859042950488	0.1084254616292326
1	0	4.7	5.234976042436783	0.1176801918330141
1	0	4.7	4.988817673815271	0.1298916183683445
1	0	4.7	4.71190158528447	0.146069185677132
1	0	4.7	4.405935056614114	0.1677513793720332
1	0	4.7	4.07280447319765	0.19731943188051
1	0	4.7	3.714563695859004	0.2384343583219977
1	0	4.7	3.333421398117614	0.2963816717080172
1	0	4.7	2.93172744898173	0.3775442150782015
1	0	4.7	2.511958425224569	0.4867792314434202
1	0	4.7	2.076702342464958	0.62288861144017
1	0	4.7	1.628642699190446	0.775497210551199
1	0	4.7	1.17054193209677	0.9259086537991055
1	0	4.7	0.7052243847470262	1.049787977894418
1	0	4.7	0.235558894554412	1.121040087195516

1	0	4.800000000000001	5.995374217444337	0.08910344434986478
1	0	4.800000000000001	5.958410741729558	0.09023222288382073
1	0	4.800000000000001	5.884711682419383	0.0925482328214669
1	0	4.800000000000001	5.774731418721884	0.09617499921801241
1	0	4.800000000000001	5.629148015534905	0.1013156888721514
1	0	4.800000000000001	5.448859042950488	0.1082787111783043
1	0	4.800000000000001	5.234976042436783	0.1175201946187634
1	0	4.800000000000001	4.988817673815271	0.1297139436025125
1	0	4.800000000000001	4.71190158528447	0.1458677278097716
1	0	4.800000000000001	4.405935056614114	0.1675173560596315
1	0	4.800000000000001	4.07280447319765	0.1970396354295668
1	0	4.800000000000001	3.714563695859004	0.2380881363965341
1	0	4.800000000000001	3.333421398117614	0.295936266349697
1	0	4.800000000000001	2.93172744898173	0.3769497545680643
1	0	4.800000000000001	2.511958425224569	0.4859687656273511
1	0	4.800000000000001	2.076702342464958	0.6217906534018871
1	0	4.800000000000001	1.628642699190446	0.7740597898957096
1	0	4.800000000000001	1.17054193209677	0.9241233503884616
1	0	4.800000000000001	0.7052243847470262	1.047707411365509
1	0	4.800000000000001	0.235558894554412	1.118786089442823

1	0	4.9	5.995374217444337	0.08898402744423033
1	0	4.9	5.958410741729558	0.09011122891401625
1	0	4.9	5.884711682419383	0.09242399754352286
1	0	4.9	5.774731418721884	0.09604567319242723
1	0	4.9	5.629148015534905	0.1011791153053198
1	0	4.9	5.448859042950488	0.1081322604485617
1	0	4.9	5.234976042436783	0.117360524698827
1	0	4.9	4.988817673815271	0.1295366330993113
1	0	4.9	4.71190158528447	0.1456666842834535
1	0	4.9	4.405935056614114	0.1672838163821649
1	0	4.9	4.07280447319765	0.1967604216686654
1	0	4.9	3.714563695859004	0.2377426449478046
1	0	4.9	3.333421398117614	0.2954918219049876
1	0	4.9	2.93172744898173	0.3763566223581163
1	0	4.9	2.511958425224569	0.4851601969473558
1	0	4.9	2.076702342464958	0.6206953965389077
1	0	4.9	1.628642699190446	0.7726260648045016
1	0	4.9	1.17054193209677	0.9223427964161622
1	0	4.9	0.7052243847470262	1.0456325118394
1	0	4.9	0.235558894554412	1.116538307487659

1	0	5	5.995374217444337	0.0888648535109542
1	0	5	5.958410741729558	0.08999048116771606
1	0	5	5.884711682419383	0.09230001517519351
1	0	5	5.774731418721884	0.09591661058884561
1	0	5	5.629148015534905	0.1010428201510198
1	0	5	5.448859042950488	0.1079861086085684
1	0	5	5.234976042436783	0.1172011811648214
1	0	5	4.988817673815271	0.1293596858470332
1	0	5	4.71190158528447	0.145466053946165
1	0	5	4.405935056614114	0.1670507589926669
1	0	5	4.07280447319765	0.1964817889699188
1	0	5	3.714563695859004	0.2373978819219373
1	0	5	3.333421398117614	0.2950483356349647
1	0	5	2.93172744898173	0.3757648145627347
1	0	5	2.511958425224569	0.4843535196337359
1	0	5	2.076702342464958	0.6196028322658889
1	0	5	1.628642699190446	0.771196023058961
1	0	5	1.17054193209677	0.9205669756965863
1	0	5	0.7052243847470262	1.043563259598981
1	0	5	0.235558894554412	1.114296719466674

1	0	5.100000000000001	5.995374217444337	0.0887459218771859
1	0	5.100000000000001	5.958410741729558	0.08986997896302937
1	0	5.100000000000001	5.884711682419383	0.09217628501599205
1	0	5.100000000000001	5.774731418721884	0.09578781067753335
1	0	5.100000000000001	5.629148015534905	0.1009068026377898
1	0	5.100000000000001	5.448859042950488	0.1078402548298215
1	0	5.100000000000001	5.234976042436783	0.1170421631115677
1	0	5.100000000000001	4.988817673815271	0.1291831008375391
1	0	5.100000000000001	4.71190158528447	0.1452658356499579
1	0	5.100000000000001	4.405935056614114	0.1668181825489268
1	0	5.100000000000001	4.07280447319765	0.1962037357111907
1	0	5.100000000000001	3.714563695859004	0.2370538452723364
1	0	5.100000000000001	3.333421398117614	0.2946058048104853
1	0	5.100000000000001	2.93172744898173	0.3751743273104268
1	0	5.100000000000001	2.511958425224569	0.4835487279384684
1	0	5.100000000000001	2.076702342464958	0.6185129520310502
1	0	5.100000000000001	1.628642699190446	0.7697696524899743
1	0	5.100000000000001	1.17054193209677	0.9187958721114977
1	0	5.100000000000001	0.7052243847470262	1.041499635010801
1	0	5.100000000000001	0.235558894554412	1.112061303610185

1	0	5.2	5.995374217444337	0.08862723187244614
1	0	5.2	5.958410741729558	0.08974972162046799
1	0	5.2	5.884711682419383	0.09205280636790075
1	0	5.2	5.774731418721884	0.09565927273132763
1	0	5.2	5.629148015534905	0.1007710619968869
1	0	5.2	5.448859042950488	0.1076946982867357
1	0	5.2	5.234976042436783	0.1168834696370777
1	0	5.2	4.988817673815271	0.1290068770662457
1	0	5.2	4.71190158528447	0.1450660282509308
1	0	5.2	4.405935056614114	0.1665860857134682
1	0	5.2	4.07280447319765	0.1959262602760724
1	0	5.2	3.714563695859004	0.2367105329596481
1	0	5.2	3.333421398117614	0.2941642267121422
1	0	5.2	2.93172744898173	0.374585156743773
1	0	5.2	2.511958425224569	0.482745816135113
1	0	5.2	2.076702342464958	0.6174257473160053
1	0	5.2	1.628642699190446	0.7683469409777017
1	0	5.2	1.17054193209677	0.917029469609734
1	0	5.2	0.7052243847470262	1.039441618524604
1	0	5.2	0.235558894554412	1.1098320382417

1	0	5.300000000000001	5.995374217444337	0.08850878282861552
1	0	5.300000000000001	5.958410741729558	0.08962970846293561
1	0	5.300000000000001	5.884711682419383	0.09192957853535823
1	0	5.300000000000001	5.774731418721884	0.09553099602562583
1	0	5.300000000000001	5.629148015534905	0.1006355974622738
1	0	5.300000000000001	5.448859042950488	0.107549438156635
1	0	5.300000000000001	5.234976042436783	0.11672509984254
1	0	5.300000000000001	4.988817673815271	0.1288310135321059
1	0	5.300000000000001	4.71190158528447	0.1448666306092137
1	0	5.300000000000001	4.405935056614114	0.1663544671535286
1	0	5.300000000000001	4.07280447319765	0.1956493610538558
1	0	5.300000000000001	3.714563695859004	0.2363679429517325
1	0	5.300000000000001	3.333421398117614	0.2937235986302151
1	0	5.300000000000001	2.93172744898173	0.3739972990193574
1	0	5.300000000000001	2.511958425224569	0.4819447785187159
1	0	5.300000000000001	2.076702342464958	0.6163412096356251
1	0	5.300000000000001	1.628642699190446	0.7669278764513358
1	0	5.300000000000001	1.17054193209677	0.9152677522068677
1	0	5.300000000000001	0.7052243847470262	1.037389190672966
1	0	5.300000000000001	0.235558894554412	1.107608901777423

1	0	5.4	5.995374217444337	0.08839057407992437
1	0	5.4	5.958410741729558	0.08950993881571746
1	0	5.4	5.884711682419383	0.09180660082524922
1	0	5.4	5.774731418721884	0.09540297983837431
1	0	5.4	5.629148015534905	0.1005004082706099
1	0	5.4	5.448859042950488	0.1074044736197365
1	0	5.4	5.234976042436783	0.1165670528323047
1	0	5.4	4.988817673815271	0.1286555092375971
1	0	5.4	4.71190158528447	0.1446676415889494
1	0	5.4	4.405935056614114	0.1661233255410391
1	0	5.4	4.07280447319765	0.1953730364395109
1	0	5.4	3.714563695859004	0.2360260732236336
1	0	5.4	3.333421398117614	0.2932839178646404
1	0	5.4	2.93172744898173	0.3734107503077203
1	0	5.4	2.511958425224569	0.481145609405708
1	0	5.4	2.076702342464958	0.6152593305378691
1	0	5.4	1.628642699190446	0.7655124468888672
1	0	5.4	1.17054193209677	0.9135107039848764
1	0	5.4	0.7052243847470262	1.035342332070837
1	0	5.4	0.235558894554412	1.105391872725817

1	0	5.5	5.995374217444337	0.08827260496294446
1	0	5.5	5.958410741729558	0.08939041200647108
1	0	5.5	5.884711682419383	0.09168387254689689
1	0	5.5	5.774731418721884	0.0952752234500574
1	0	5.5	5.629148015534905	0.1003654936612368
1	0	5.5	5.448859042950488	0.1072598038591408
1	0	5.5	5.234976042436783	0.1164093277138727
1	0	5.5	4.988817673815271	0.1284803631887032
1	0	5.5	4.71190158528447	0.1444690600582755
1	0	5.5	4.405935056614114	0.1658926595526043
1	0	5.5	4.07280447319765	0.1950972848336633
1	0	5.5	3.714563695859004	0.2356849217575437
1	0	5.5	3.333421398117614	0.292845181724963
1	0	5.5	2.93172744898173	0.3728255067932825
1	0	5.5	2.511958425224569	0.4803483031338168
1	0	5.5	2.076702342464958	0.6141801016036356
1	0	5.5	1.628642699190446	0.7641006403168537
1	0	5.5	1.17054193209677	0.9117583090918219
1	0	5.5	0.7052243847470262	1.03330102341517
1	0	5.5	0.235558894554412	1.10318092968713

1	0	5.600000000000001	5.995374217444337	0.0881548748165762
1	0	5.600000000000001	5.958410741729558	0.08927112736521486
1	0	5.600000000000001	5.884711682419383	0.09156139301204871
1	0	5.600000000000001	5.774731418721884	0.09514772614368824
1	0	5.600000000000001	5.629148015534905	0.1002308528761691
1	0	5.600000000000001	5.448859042950488	0.1071154280608174
1	0	5.600000000000001	5.234976042436783	0.1162519235978815
1	0	5.600000000000001	4.988817673815271	0.1283055743949042
1	0	5.600000000000001	4.71190158528447	0.1442708848893083
1	0	5.600000000000001	4.405935056614114	0.1656624678694851
1	0	5.600000000000001	4.07280447319765	0.1948221046425647
1	0	5.600000000000001	3.714563695859004	0.2353444865427773
1	0	5.600000000000001	3.333421398117614	0.2924073875302945
1	0	5.600000000000001	2.93172744898173	0.3722415646742924
1	0	5.600000000000001	2.511958425224569	0.4795528540619647
1	0	5.600000000000001	2.076702342464958	0.6131035144466147
1	0	5.600000000000001	1.628642699190446	0.7626924448101814
1	0	5.600000000000001	1.17054193209677	0.9100105517415233
1	0	5.600000000000001	0.7052243847470262	1.031265245484462
1	0	5.600000000000001	0.235558894554412	1.100976051352924

1	0	5.7	5.995374217444337	0.08803738298204129
1	0	5.7	5.958410741729558	0.08915208422431906
1	0	5.7	5.884711682419383	0.09143916153486867
1	0	5.7	5.774731418721884	0.09502048720479422
1	0	5.7	5.629148015534905	0.1000964851600818
1	0	5.7	5.448859042950488	0.1069713454135943
1	0	5.7	5.234976042436783	0.1160948395980895
1	0	5.7	4.988817673815271	0.1281311418691567
1	0	5.7	4.71190158528447	0.1440731149581272
1	0	5.7	4.405935056614114	0.165432749177572
1	0	5.7	4.07280447319765	0.1945474942780758
1	0	5.7	3.714563695859004	0.235004765575739
1	0	5.7	3.333421398117614	0.2919705326092764
1	0	5.7	2.93172744898173	0.3716589201627682
1	0	5.7	2.511958425224569	0.4787592565701801
1	0	5.7	2.076702342464958	0.6120295607131261
1	0	5.7	1.628642699190446	0.761287848491836
1	0	5.7	1.17054193209677	0.9082674162132346
1	0	5.7	0.7052243847470262	1.029234979138405
1	0	5.7	0.235558894554412	1.09877721650562

1	0	5.800000000000001	5.995374217444337	0.08792012880287153
1	0	5.800000000000001	5.958410741729558	0.08903328191849524
1	0	5.800000000000001	5.884711682419383	0.09131717743192565
1	0	5.800000000000001	5.774731418721884	0.09489350592141085
1	0	5.800000000000001	5.629148015534905	0.09996238976029931
1	0	5.800000000000001	5.448859042950488	0.106827555109145
1	0	5.800000000000001	5.234976042436783	0.1159380748313645
1	0	5.800000000000001	4.988817673815271	0.1279570646278815
1	0	5.800000000000001	4.71190158528447	0.1438757491447542
1	0	5.800000000000001	4.405935056614114	0.1652035021673733
1	0	5.800000000000001	4.07280447319765	0.1942734521576348
1	0	5.800000000000001	3.714563695859004	0.2346657568598935
1	0	5.800000000000001	3.333421398117614	0.2915346143000316
1	0	5.800000000000001	2.93172744898173	0.3710775694844329
1	0	5.800000000000001	2.511958425224569	0.4779675050594953
1	0	5.800000000000001	2.076702342464958	0.6109582320819809
1	0	5.800000000000001	1.628642699190446	0.759886839532685
1	0	5.800000000000001	1.17054193209677	0.9065288868513233
1	0	5.800000000000001	0.7052243847470262	1.027210205317419
1	0	5.800000000000001	0.235558894554412	1.096584404018041

1	0	5.9	5.995374217444337	0.08780311162489923
1	0	5.9	5.958410741729558	0.08891471978478652
1	0	5.9	5.884711682419383	0.09119544002218373
1	0	5.9	5.774731418721884	0.09476678158406816
1	0	5.9	5.629148015534905	0.09982856592678428
1	0	5.9	5.448859042950488	0.1066840563419759
1	0	5.9	5.234976042436783	0.1157816284176718
1	0	5.9	4.988817673815271	0.1277833416909476
1	0	5.9	4.71190158528447	0.1436787863331421
1	0	5.9	4.405935056614114	0.1649747255339898
1	0	5.9	4.07280447319765	0.1939999767042404
1	0	5.9	3.714563695859004	0.2343274584057352
1	0	5.9	3.333421398117614	0.2910996299501366
1	0	5.9	2.93172744898173	0.3704975088786573
1	0	5.9	2.511958425224569	0.4771775939518636
1	0	5.9	2.076702342464958	0.6098895202643155
1	0	5.9	1.628642699190446	0.7584894061512205
1	0	5.9	1.17054193209677	0.9047949480649528
1	0	5.9	0.7052243847470262	1.025190905042316
1	0	5.9	0.235558894554412	1.094397592852957

1	0	6	5.995374217444337	0.08768633079624695
1	0	6	5.958410741729558	0.08879639716255691
1	0	6	5.884711682419383	0.09107394862699181
1	0	6	5.774731418721884	0.09464031348577961
1	0	6	5.629148015534905	0.09969501291212568
1	0	6	5.448859042950488	0.106540848309415
1	0	6	5.234976042436783	0.1156254994800582
1	0	6	4.988817673815271	0.1276099720816584
1	0	6	4.71190158528447	0.1434822254111525
1	0	6	4.405935056614114	0.1647464179770984
1	0	6	4.07280447319765	0.1937270663464232
1	0	6	3.714563695859004	0.2339898682307577
1	0	6	3.333421398117614	0.290665576916564
1	0	6	2.93172744898173	0.3699187345984009
1	0	6	2.511958425224569	0.4763895176900533
1	0	6	2.076702342464958	0.6088234170034609
1	0	6	1.628642699190446	0.7570955366133656
1	0	6	1.17054193209677	0.9030655843277596
1	0	6	0.7052243847470262	1.023177059413832
1	0	6	0.235558894554412	1.092216762062637

1	0	6.100000000000001	5.995374217444337	0.08756978566731835
1	0	6.100000000000001	5.958410741729558	0.08867831339348255
1	0	6.100000000000001	5.884711682419383	0.09095270257007358
1	0	6.100000000000001	5.774731418721884	0.09451410092203373
1	0	6.100000000000001	5.629148015534905	0.09956172997152841
1	0	6.100000000000001	5.448859042950488	0.1063979302115998
1	0	6.100000000000001	5.234976042436783	0.1154696871446408
1	0	6.100000000000001	4.988817673815271	0.1274369548267359
1	0	6.100000000000001	4.71190158528447	0.1432860652705416
1	0	6.100000000000001	4.405935056614114	0.1645185782009304
1	0	6.100000000000001	4.07280447319765	0.1934547195182265
1	0	6.100000000000001	3.714563695859004	0.2336529843594252
1	0	6.100000000000001	3.333421398117614	0.2902324525656598
1	0	6.100000000000001	2.93172744898173	0.3693412429101509
1	0	6.100000000000001	2.511958425224569	0.4756032707375697
1	0	6.100000000000001	2.076702342464958	0.6077599140747715
1	0	6.100000000000001	1.628642699190446	0.755705219232215
1	0	6.100000000000001	1.17054193209677	0.9013407801775525
1	0	6.100000000000001	0.7052243847470262	1.021168649612285
1	0	6.100000000000001	0.235558894554412	1.090041890788392

1	0	6.2	5.995374217444337	0.08745347559078848
1	0	6.2	5.958410741729558	0.08856046782154085
1	0	6.2	5.884711682419383	0.09083170117751709
1	0	6.2	5.774731418721884	0.09438814319078288
1	0	6.2	5.629148015534905	0.09942871636280214
1	0	6.2	5.448859042950488	0.1062553012514645
1	0	6.2	5.234976042436783	0.1153141905405929
1	0	6.2	4.988817673815271	0.127264288956308
1	0	6.2	4.71190158528447	0.1430903048069458
1	0	6.2	4.405935056614114	0.1642912049142533
1	0	6.2	4.07280447319765	0.193182934659178
1	0	6.2	3.714563695859004	0.2333168048231432
1	0	6.2	3.333421398117614	0.289800254273091
1	0	6.2	2.93172744898173	0.3687650300938702
1	0	6.2	2.511958425224569	0.4748188475785457
1	0	6.2	2.076702342464958	0.6066990032855116
1	0	6.2	1.628642699190446	0.7543184423678512
1	0	6.2	1.17054193209677	0.8996205202159812
1	0	6.2	0.7052243847470262	1.019165656897149
1	0	6.2	0.235558894554412	1.087872958260146

1	0	6.300000000000001	5.995374217444337	0.08733739992159328
1	0	6.300000000000001	5.958410741729558	0.08844285979300182
1	0	6.300000000000001	5.884711682419383	0.09071094377776516
1	0	6.300000000000001	5.774731418721884	0.0942624395924309
1	0	6.300000000000001	5.629148015534905	0.09929597134634922
1	0	6.300000000000001	5.448859042950488	0.1061129606347292
1	0	6.300000000000001	5.234976042436783	0.1151590088001318
1	0	6.300000000000001	4.988817673815271	0.1270919735038939
1	0	6.300000000000001	4.71190158528447	0.1428949429198596
1	0	6.300000000000001	4.405935056614114	0.1640642968303518
1	0	6.300000000000001	4.07280447319765	0.1929117102142694
1	0	6.300000000000001	3.714563695859004	0.2329813276602259
1	0	6.300000000000001	3.333421398117614	0.2893689794238117
1	0	6.300000000000001	2.93172744898173	0.3681900924429256
1	0	6.300000000000001	2.511958425224569	0.4740362427176685
1	0	6.300000000000001	2.076702342464958	0.6056406764746669
1	0	6.300000000000001	1.628642699190446	0.7529351944270665
1	0	6.300000000000001	1.17054193209677	0.8979047891082321
1	0	6.300000000000001	0.7052243847470262	1.017168062606678
1	0	6.300000000000001	0.235558894554412	1.085709943795965

1	0	6.4	5.995374217444337	0.08722155801692133
1	0	6.4	5.958410741729558	0.0883254886564169
1	0	6.4	5.884711682419383	0.09059042970160482
1	0	6.4	5.774731418721884	0.0941369894298256
1	0	6.4	5.629148015534905	0.09916349418515505
1	0	6.4	5.448859042950488	0.1059709075698875
1	0	6.4	5.234976042436783	0.1150041410585048
1	0	6.4	4.988817673815271	0.1269200075063844
1	0	6.4	4.71190158528447	0.1426999785126262
1	0	6.4	4.405935056614114	0.1638378526670079
1	0	6.4	4.07280447319765	0.1926410446339343
1	0	6.4	3.714563695859004	0.2326465509158703
1	0	6.4	3.333421398117614	0.2889386254120182
1	0	6.4	2.93172744898173	0.3676164262640461
1	0	6.4	2.511958425224569	0.4732554506800707
1	0	6.4	2.076702342464958	0.6045849255128226
1	0	6.4	1.628642699190446	0.7515554638631945
1	0	6.4	1.17054193209677	0.8961935715827195
1	0	6.4	0.7052243847470262	1.015175848157492
1	0	6.4	0.235558894554412	1.083552826801634

1	0	6.5	5.995374217444337	0.08710594923620332
1	0	6.5	5.958410741729558	0.08820835376261048
1	0	6.5	5.884711682419383	0.09047015828215818
1	0	6.5	5.774731418721884	0.09401179200824622
1	0	6.5	5.629148015534905	0.09903128414477604
1	0	6.5	5.448859042950488	0.1058291412681948
1	0	6.5	5.234976042436783	0.1148495864539778
1	0	6.5	4.988817673815271	0.1267483900040381
1	0	6.5	4.71190158528447	0.1425054104924142
1	0	6.5	4.405935056614114	0.1636118711464815
1	0	6.5	4.07280447319765	0.1923709363740222
1	0	6.5	3.714563695859004	0.2323124726421255
1	0	6.5	3.333421398117614	0.2885091896411176
1	0	6.5	2.93172744898173	0.3670440278772534
1	0	6.5	2.511958425224569	0.4724764660112525
1	0	6.5	2.076702342464958	0.6035317423020267
1	0	6.5	1.628642699190446	0.7501792391758523
1	0	6.5	1.17054193209677	0.8944868524307863
1	0	6.5	0.7052243847470262	1.01318899504422
1	0	6.5	0.235558894554412	1.081401586770216

1	0	6.600000000000001	5.995374217444337	0.08699057294110199
1	0	6.600000000000001	5.958410741729558	0.08809145446466926
1	0	6.600000000000001	5.884711682419383	0.09035012885487112
1	0	6.600000000000001	5.774731418721884	0.09388684663539364
1	0	6.600000000000001	5.629148015534905	0.09889934049332845
1	0	6.600000000000001	5.448859042950488	0.1056876609436565
1	0	6.600000000000001	5.234976042436783	0.1146953441278209
1	0	6.600000000000001	4.988817673815271	0.1265771200404554
1	0	6.600000000000001	4.71190158528447	0.1423112377702069
1	0	6.600000000000001	4.405935056614114	0.1633863509954922
1	0	6.600000000000001	4.07280447319765	0.1921013838957756
1	0	6.600000000000001	3.714563695859004	0.231979090897864
1	0	6.600000000000001	3.333421398117614	0.2880806695236806
1	0	6.600000000000001	2.93172744898173	0.3664728936158111
1	0	6.600000000000001	2.511958425224569	0.4716992832769873
1	0	6.600000000000001	2.076702342464958	0.6024811187756175
1	0	6.600000000000001	1.628642699190446	0.7488065089107383
1	0	6.600000000000001	1.17054193209677	0.8927846165063713
1	0	6.600000000000001	0.7052243847470262	1.011207484839075
1	0	6.600000000000001	0.235558894554412	1.079256203281622

1	0	6.7	5.995374217444337	0.08687542849550525
1	0	6.7	5.958410741729558	0.08797479011793435
1	0	6.7	5.884711682419383	0.09023034075750513
1	0	6.7	5.774731418721884	0.09376215262138092
1	0	6.7	5.629148015534905	0.09876766250148047
1	0	6.7	5.448859042950488	0.1055464658130166
1	0	6.7	5.234976042436783	0.1145414132242969
1	0	6.7	4.988817673815271	0.1264061966625733
1	0	6.7	4.71190158528447	0.142117459260783
1	0	6.7	4.405935056614114	0.1631612909452004
1	0	6.7	4.07280447319765	0.191832385665812
1	0	6.7	3.714563695859004	0.2316464037487508
1	0	6.7	3.333421398117614	0.2876530624814054
1	0	6.7	2.93172744898173	0.3659030198261623
1	0	6.7	2.511958425224569	0.4709238970632296
1	0	6.7	2.076702342464958	0.6014330468981025
1	0	6.7	1.628642699190446	0.7474372616594034
1	0	6.7	1.17054193209677	0.8910868487257311
1	0	6.7	0.7052243847470262	1.009231299191505
1	0	6.7	0.235558894554412	1.077116656002148

1	0	6.800000000000001	5.995374217444337	0.08676051526551279
1	0	6.800000000000001	5.958410741729558	0.08785836007998937
1	0	6.800000000000001	5.884711682419383	0.09011079333012605
1	0	6.800000000000001	5.774731418721884	0.09363770927872171
1	0	6.800000000000001	5.629148015534905	0.09863624944243703
1	0	6.800000000000001	5.448859042950488	0.1054055550957459
1	0	6.800000000000001	5.234976042436783	0.1143877928906482
1	0	6.800000000000001	4.988817673815271	0.1262356189206467
1	0	6.800000000000001	4.71190158528447	0.1419240738827011
1	0	6.800000000000001	4.405935056614114	0.1629366897311881
1	0	6.800000000000001	4.07280447319765	0.1915639401560935
1	0	6.800000000000001	3.714563695859004	0.2313144092672179
1	0	6.800000000000001	3.333421398117614	0.2872263659450847
1	0	6.800000000000001	2.93172744898173	0.3653344028678738
1	0	6.800000000000001	2.511958425224569	0.470150301976024
1	0	6.800000000000001	2.076702342464958	0.6003875186650044
1	0	6.800000000000001	1.628642699190446	0.7460714860590416
1	0	6.800000000000001	1.17054193209677	0.889393534067126
1	0	6.800000000000001	0.7052243847470262	1.007260419827802
1	0	6.800000000000001	0.235558894554412	1.074982924684087

1	0	6.9	5.995374217444337	0.08664583261943017
1	0	6.9	5.958410741729558	0.0877421637106529
1	0	6.9	5.884711682419383	0.08999148591509554
1	0	6.9	5.774731418721884	0.09351351592232145
1	0	6.9	5.629148015534905	0.09850510059193084
1	0	6.9	5.448859042950488	0.1052649280140301
1	0	6.9	5.234976042436783	0.1142344822770834
1	0	6.9	4.988817673815271	0.1260653858682352
1	0	6.9	4.71190158528447	0.1417310805582849
1	0	6.9	4.405935056614114	0.1627125460934401
1	0	6.9	4.07280447319765	0.1912960458439106
1	0	6.9	3.714563695859004	0.2309831055324338
1	0	6.9	3.333421398117614	0.2868005773545549
1	0	6.9	2.93172744898173	0.3647670391135869
1	0	6.9	2.511958425224569	0.4693784926414217
1	0	6.9	2.076702342464958	0.5993445261027273
1	0	6.9	1.628642699190446	0.7447091707922675
1	0	6.9	1.17054193209677	0.8877046575705116
1	0	6.9	0.7052243847470262	1.005294828550709
1	0	6.9	0.235558894554412	1.072854989165267

1	0	7	5.995374217444337	0.08653137992775792
1	0	7	5.958410741729558	0.08762620037196771
1	0	7	5.884711682419383	0.08987241785706049
1	0	7	5.774731418721884	0.09338957186946652
1	0	7	5.629148015534905	0.098374215228214
1	0	7	5.448859042950488	0.1051245837927588
1	0	7	5.234976042436783	0.114081480536767
1	0	7	4.988817673815271	0.1258954965621901
1	0	7	4.71190158528447	0.1415384782136063
1	0	7	4.405935056614114	0.1624888587763253
1	0	7	4.07280447319765	0.191028701211856
1	0	7	3.714563695859004	0.230652490630275
1	0	7	3.333421398117614	0.2863756941586677
1	0	7	2.93172744898173	0.3642009249489528
1	0	7	2.511958425224569	0.4686084637053934
1	0	7	2.076702342464958	0.598304061268404
1	0	7	1.628642699190446	0.7433503045869093
1	0	7	1.17054193209677	0.8860202043372539
1	0	7	0.7052243847470262	1.003334507239042
1	0	7	0.235558894554412	1.070732829368635

1	0	7.100000000000001	5.995374217444337	0.08641715656318237
1	0	7.100000000000001	5.958410741729558	0.08751046942819263
1	0	7.100000000000001	5.884711682419383	0.08975358850294331
1	0	7.100000000000001	5.774731418721884	0.09326587643981425
1	0	7.100000000000001	5.629148015534905	0.09824359263204321
1	0	7.100000000000001	5.448859042950488	0.1049845216595144
1	0	7.100000000000001	5.234976042436783	0.1139287868258037
1	0	7.100000000000001	4.988817673815271	0.125725950062639
1	0	7.100000000000001	4.71190158528447	0.1413462657784691
1	0	7.100000000000001	4.405935056614114	0.162265626528579
1	0	7.100000000000001	4.07280447319765	0.1907619047478044
1	0	7.100000000000001	3.714563695859004	0.2303225626532967
1	0	7.100000000000001	3.333421398117614	0.2859517138152474
1	0	7.100000000000001	2.93172744898173	0.3636360567725759
1	0	7.100000000000001	2.511958425224569	0.4678402098337296
1	0	7.100000000000001	2.076702342464958	0.5972661162497638
1	0	7.100000000000001	1.628642699190446	0.7419948762157773
1	0	7.100000000000001	1.17054193209677	0.8843401595298187
1	0	7.100000000000001	0.7052243847470262	1.001379437847344
1	0	7.100000000000001	0.235558894554412	1.068616425301839

1	0	7.2	5.995374217444337	0.08630316190056651
1	0	7.2	5.958410741729558	0.08739497024579201
1	0	7.2	5.884711682419383	0.08963499720193314
1	0	7.2	5.774731418721884	0.09314242895538248
1	0	7.2	5.629148015534905	0.0981132320866729
1	0	7.2	5.448859042950488	0.1048447408445599
1	0	7.2	5.234976042436783	0.1137764003032288
1	0	7.2	4.988817673815271	0.125556745432973
1	0	7.2	4.71190158528447	0.141154442186393
1	0	7.2	4.405935056614114	0.1620428481032827
1	0	7.2	4.07280447319765	0.1904956549448879
1	0	7.2	3.714563695859004	0.2299933197007074
1	0	7.2	3.333421398117614	0.2855286337910577
1	0	7.2	2.93172744898173	0.3630724309959653
1	0	7.2	2.511958425224569	0.467073725711969
1	0	7.2	2.076702342464958	0.5962306831649873
1	0	7.2	1.628642699190446	0.7406428744964757
1	0	7.2	1.17054193209677	0.8826645083714852
1	0	7.2	0.7052243847470262	0.9994296024054711
1	0	7.2	0.235558894554412	1.066505757056796

1	0	7.300000000000001	5.995374217444337	0.08618939531694146
1	0	7.300000000000001	5.958410741729558	0.08727970219342664
1	0	7.300000000000001	5.884711682419383	0.08951664330547561
1	0	7.300000000000001	5.774731418721884	0.09301922874054087
1	0	7.300000000000001	5.629148015534905	0.09798313287784254
1	0	7.300000000000001	5.448859042950488	0.1047052405808282
1	0	7.300000000000001	5.234976042436783	0.1136243201309942
1	0	7.300000000000001	4.988817673815271	0.1253878817398323
1	0	7.300000000000001	4.71190158528447	0.1409630063746006
1	0	7.300000000000001	4.405935056614114	0.1618205222578494
1	0	7.300000000000001	4.07280447319765	0.1902299503014768
1	0	7.300000000000001	3.714563695859004	0.2296647598783386
1	0	7.300000000000001	3.333421398117614	0.2851064515617528
1	0	7.300000000000001	2.93172744898173	0.3625100440434743
1	0	7.300000000000001	2.511958425224569	0.4663090060452947
1	0	7.300000000000001	2.076702342464958	0.5951977541625748
1	0	7.300000000000001	1.628642699190446	0.7392942882911705
1	0	7.300000000000001	1.17054193209677	0.8809932361460453
1	0	7.300000000000001	0.7052243847470262	0.997484983018246
1	0	7.300000000000001	0.235558894554412	1.064400804809274

1	0	7.4	5.995374217444337	0.08607585619149583
1	0	7.4	5.958410741729558	0.08716466464194543
1	0	7.4	5.884711682419383	0.08939852616726321
1	0	7.4	5.774731418721884	0.09289627512199931
1	0	7.4	5.629148015534905	0.09785329429376653
1	0	7.4	5.448859042950488	0.1045660201039101
1	0	7.4	5.234976042436783	0.1134725454739566
1	0	7.4	4.988817673815271	0.1252193580530947
1	0	7.4	4.71190158528447	0.1407719572839987
1	0	7.4	4.405935056614114	0.1615986477539997
1	0	7.4	4.07280447319765	0.1899647893211544
1	0	7.4	3.714563695859004	0.2293368812986164
1	0	7.4	3.333421398117614	0.2846851646118531
1	0	7.4	2.93172744898173	0.3619488923522457
1	0	7.4	2.511958425224569	0.4655460455584621
1	0	7.4	2.076702342464958	0.5941673214211993
1	0	7.4	1.628642699190446	0.7379491065063873
1	0	7.4	1.17054193209677	0.8793263281975074
1	0	7.4	0.7052243847470262	0.9955455618650876
1	0	7.4	0.235558894554412	1.062301548818495

1	0	7.5	5.995374217444337	0.08596254390556803
1	0	7.5	5.958410741729558	0.0870498569643746
1	0	7.5	5.884711682419383	0.08928064514322635
1	0	7.5	5.774731418721884	0.09277356742880008
1	0	7.5	5.629148015534905	0.09772371562512441
1	0	7.5	5.448859042950488	0.1044270786520443
1	0	7.5	5.234976042436783	0.1133210754998655
1	0	7.5	4.988817673815271	0.1250511734458578
1	0	7.5	4.71190158528447	0.1405812938591648
1	0	7.5	4.405935056614114	0.1613772233577494
1	0	7.5	4.07280447319765	0.1897001705126974
1	0	7.5	3.714563695859004	0.2290096820805348
1	0	7.5	3.333421398117614	0.2842647704346991
1	0	7.5	2.93172744898173	0.3613889723721568
1	0	7.5	2.511958425224569	0.4647848389957063
1	0	7.5	2.076702342464958	0.5931393771495701
1	0	7.5	1.628642699190446	0.7366073180927982
1	0	7.5	1.17054193209677	0.8776637699298115
1	0	7.5	0.7052243847470262	0.9936113211996356
1	0	7.5	0.235558894554412	1.060207969426693

1	0	7.600000000000001	5.995374217444337	0.08584945784263701
1	0	7.600000000000001	5.958410741729558	0.08693527853591029
1	0	7.600000000000001	5.884711682419383	0.08916299959152399
1	0	7.600000000000001	5.774731418721884	0.09265110499230549
1	0	7.600000000000001	5.629148015534905	0.09759439616504932
1	0	7.600000000000001	5.448859042950488	0.1042884154661048
1	0	7.600000000000001	5.234976042436783	0.1131699093793505
1	0	7.600000000000001	4.988817673815271	0.1248833269944285
1	0	7.600000000000001	4.71190158528447	0.1403910150483285
1	0	7.600000000000001	4.405935056614114	0.1611562478393858
1	0	7.600000000000001	4.07280447319765	0.1894360923900516
1	0	7.600000000000001	3.714563695859004	0.2286831603496289
1	0	7.600000000000001	3.333421398117614	0.2838452665324185
1	0	7.600000000000001	2.93172744898173	0.3608302805657684
1	0	7.600000000000001	2.511958425224569	0.4640253811206508
1	0	7.600000000000001	2.076702342464958	0.5921139135862973
1	0	7.600000000000001	1.628642699190446	0.7352689120450235
1	0	7.600000000000001	1.17054193209677	0.87600554680654
1	0	7.600000000000001	0.7052243847470262	0.9916822433493914
1	0	7.600000000000001	0.235558894554412	1.058120047058718

1	0	7.7	5.995374217444337	0.08573659738831187
1	0	7.7	5.958410741729558	0.08682092873390833
1	0	7.7	5.884711682419383	0.08904558887253351
1	0	7.7	5.774731418721884	0.09252888714619002
1	0	7.7	5.629148015534905	0.09746533520911974
1	0	7.7	5.448859042950488	0.1041500297895915
1	0	7.7	5.234976042436783	0.1130190462859094
1	0	7.7	4.988817673815271	0.1247158177783096
1	0	7.7	4.71190158528447	0.1402011198033614
1	0	7.7	4.405935056614114	0.1609357199734566
1	0	7.7	4.07280447319765	0.1891725534723133
1	0	7.7	3.714563695859004	0.2283573142379465
1	0	7.7	3.333421398117614	0.2834266504158809
1	0	7.7	2.93172744898173	0.360272813408264
1	0	7.7	2.511958425224569	0.4632676667162344
1	0	7.7	2.076702342464958	0.5910909229997601
1	0	7.7	1.628642699190446	0.7339338774014137
1	0	7.7	1.17054193209677	0.8743516443506206
1	0	7.7	0.7052243847470262	0.9897583107153495
1	0	7.7	0.235558894554412	1.056037762221614

1	0	7.800000000000001	5.995374217444337	0.0856239619303253
1	0	7.800000000000001	5.958410741729558	0.08670680693787496
1	0	7.800000000000001	5.884711682419383	0.08892841234884205
1	0	7.800000000000001	5.774731418721884	0.09240691322643092
1	0	7.800000000000001	5.629148015534905	0.0973365320553457
1	0	7.800000000000001	5.448859042950488	0.1040119208686169
1	0	7.800000000000001	5.234976042436783	0.1128684853958972
1	0	7.800000000000001	4.988817673815271	0.1245486448801836
1	0	7.800000000000001	4.71190158528447	0.1400116070797569
1	0	7.800000000000001	4.405935056614114	0.1607156385387445
1	0	7.800000000000001	4.07280447319765	0.1889095522837059
1	0	7.800000000000001	3.714563695859004	0.2280321418840178
1	0	7.800000000000001	3.333421398117614	0.2830089196046774
1	0	7.800000000000001	2.93172744898173	0.3597165673874054
1	0	7.800000000000001	2.511958425224569	0.4625116905846167
1	0	7.800000000000001	2.076702342464958	0.5900703976879623
1	0	7.800000000000001	1.628642699190446	0.7326022032438412
1	0	7.800000000000001	1.17054193209677	0.8727020481440489
1	0	7.800000000000001	0.7052243847470262	0.9878395057716451
1	0	7.800000000000001	0.235558894554412	1.053961095504235

1	0	7.9	5.995374217444337	0.0855115508585224
1	0	7.9	5.958410741729558	0.08659291252945835
1	0	7.9	5.884711682419383	0.08881146938523718
1	0	7.9	5.774731418721884	0.09228518257129616
1	0	7.9	5.629148015534905	0.09720798600416353
1	0	7.9	5.448859042950488	0.1038740879518977
1	0	7.9	5.234976042436783	0.1127182258885115
1	0	7.9	4.988817673815271	0.1243818073859033
1	0	7.9	4.71190158528447	0.1398224758366177
1	0	7.9	4.405935056614114	0.1604960023182566
1	0	7.9	4.07280447319765	0.1886470873535571
1	0	7.9	3.714563695859004	0.2277076414328344
1	0	7.9	3.333421398117614	0.2825920716270632
1	0	7.9	2.93172744898173	0.3591615390034654
1	0	7.9	2.511958425224569	0.4617574475470941
1	0	7.9	2.076702342464958	0.5890523299784042
1	0	7.9	1.628642699190446	0.7312738786975109
1	0	7.9	1.17054193209677	0.8710567438276019
1	0	7.9	0.7052243847470262	0.9859258110651904
1	0	7.9	0.235558894554412	1.051890027576816

1	0	8	5.995374217444337	0.08539936356485296
1	0	8	5.958410741729558	0.08647924489243958
1	0	8	5.884711682419383	0.08869475934869644
1	0	8	5.774731418721884	0.09216369452133719
1	0	8	5.629148015534905	0.09707969635842015
1	0	8	5.448859042950488	0.1037365302907417
1	0	8	5.234976042436783	0.1125682669457822
1	0	8	4.988817673815271	0.1242153043844756
1	0	8	4.71190158528447	0.1396337250366389
1	0	8	4.405935056614114	0.1602768100991999
1	0	8	4.07280447319765	0.1883851572162796
1	0	8	3.714563695859004	0.2273838110358166
1	0	8	3.333421398117614	0.2821761040199369
1	0	8	2.93172744898173	0.3586077247691846
1	0	8	2.511958425224569	0.4610049324440209
1	0	8	2.076702342464958	0.5880367122279375
1	0	8	1.628642699190446	0.7299488929307398
1	0	8	1.17054193209677	0.8694157171005489
1	0	8	0.7052243847470262	0.9840172092153121
1	0	8	0.235558894554412	1.04982453919059

1	0	8.1	5.995374217444337	0.08528739944336279
1	0	8.1	5.958410741729558	0.08636580341272332
1	0	8.1	5.884711682419383	0.0885782816083806
1	0	8.1	5.774731418721884	0.09204244841937875
1	0	8.1	5.629148015534905	0.09695166242336715
1	0	8.1	5.448859042950488	0.1035992471390385
1	0	8.1	5.234976042436783	0.1124186077525618
1	0	8.1	4.988817673815271	0.1240491349680491
1	0	8.1	4.71190158528447	0.139445353646095
1	0	8.1	4.405935056614114	0.1600580606729688
1	0	8.1	4.07280447319765	0.1881237604113492
1	0	8.1	3.714563695859004	0.2270606488507879
1	0	8.1	3.333421398117614	0.2817610143287985
1	0	8.1	2.93172744898173	0.3580551212097198
1	0	8.1	2.511958425224569	0.4602541401347228
1	0	8.1	2.076702342464958	0.587023536822653
1	0	8.1	1.628642699190446	0.728627235154765
1	0	8.1	1.17054193209677	0.8677789537203779
1	0	8.1	0.7052243847470262	0.9821136829134048
1	0	8.1	0.235558894554412	1.047764611177357

1	0	8.200000000000001	5.995374217444337	0.085175657890184
1	0	8.200000000000001	5.958410741729558	0.08625258747832955
1	0	8.200000000000001	5.884711682419383	0.08846203553562262
1	0	8.200000000000001	5.774731418721884	0.0919214436105085
1	0	8.200000000000001	5.629148015534905	0.09682388350664894
1	0	8.200000000000001	5.448859042950488	0.1034622377532476
1	0	8.200000000000001	5.234976042436783	0.1122692474965086
1	0	8.200000000000001	4.988817673815271	0.1238832982319001
1	0	8.200000000000001	4.71190158528447	0.1392573606348236
1	0	8.200000000000001	4.405935056614114	0.1598397528351238
1	0	8.200000000000001	4.07280447319765	0.1878628954832821
1	0	8.200000000000001	3.714563695859004	0.2267381530419509
1	0	8.200000000000001	3.333421398117614	0.28134680010771
1	0	8.200000000000001	2.93172744898173	0.3575037248625778
1	0	8.200000000000001	2.511958425224569	0.4595050654974129
1	0	8.200000000000001	2.076702342464958	0.5860127961777239
1	0	8.200000000000001	1.628642699190446	0.7273088946235378
1	0	8.200000000000001	1.17054193209677	0.866146439502507
1	0	8.200000000000001	0.7052243847470262	0.9802152149225849
1	0	8.200000000000001	0.235558894554412	1.045710224449133

1	0	8.300000000000001	5.995374217444337	0.08506413830352708
1	0	8.300000000000001	5.958410741729558	0.08613959647938443
1	0	8.300000000000001	5.884711682419383	0.08834602050391818
1	0	8.300000000000001	5.774731418721884	0.09180067944206813
1	0	8.300000000000001	5.629148015534905	0.09669635891829359
1	0	8.300000000000001	5.448859042950488	0.103325501392388
1	0	8.300000000000001	5.234976042436783	0.1121201853680792
1	0	8.300000000000001	4.988817673815271	0.1237177932744213
1	0	8.300000000000001	4.71190158528447	0.1390697449762094
1	0	8.300000000000001	4.405935056614114	0.159621885385378
1	0	8.300000000000001	4.07280447319765	0.1876025609816167
1	0	8.300000000000001	3.714563695859004	0.2264163217798555
1	0	8.300000000000001	3.333421398117614	0.2809334589192642
1	0	8.300000000000001	2.93172744898173	0.3569535322775809
1	0	8.300000000000001	2.511958425224569	0.4587577034291104
1	0	8.300000000000001	2.076702342464958	0.5850044827372896
1	0	8.300000000000001	1.628642699190446	0.7259938606335194
1	0	8.300000000000001	1.17054193209677	0.8645181603200089
1	0	8.300000000000001	0.7052243847470262	0.9783217880773134
1	0	8.300000000000001	0.235558894554412	1.043661359997703

1	0	8.4	5.995374217444337	0.08495284008367177
1	0	8.4	5.958410741729558	0.08602682980811056
1	0	8.4	5.884711682419383	0.08823023588891944
1	0	8.4	5.774731418721884	0.09168015526364491
1	0	8.4	5.629148015534905	0.09656908797070075
1	0	8.4	5.448859042950488	0.1031890373180275
1	0	8.4	5.234976042436783	0.1119714205605152
1	0	8.4	4.988817673815271	0.123552619197108
1	0	8.4	4.71190158528447	0.1388825056471718
1	0	8.4	4.405935056614114	0.1594044571275756
1	0	8.4	4.07280447319765	0.1873427554608898
1	0	8.4	3.714563695859004	0.2260951532413777
1	0	8.4	3.333421398117614	0.2805209883345484
1	0	8.4	2.93172744898173	0.3564045400167976
1	0	8.4	2.511958425224569	0.4580120488455567
1	0	8.4	2.076702342464958	0.5839985889743204
1	0	8.4	1.628642699190446	0.7246821225234922
1	0	8.4	1.17054193209677	0.8628941021033415
1	0	8.4	0.7052243847470262	0.9764333852830797
1	0	8.4	0.235558894554412	1.041617998894273

1	0	8.5	5.995374217444337	0.08484176263295963
1	0	8.5	5.958410741729558	0.08591428685881912
1	0	8.5	5.884711682419383	0.08811468106842162
1	0	8.5	5.774731418721884	0.0915598704270596
1	0	8.5	5.629148015534905	0.09644206997863473
1	0	8.5	5.448859042950488	0.1030528447942727
1	0	8.5	5.234976042436783	0.1118229522698301
1	0	8.5	4.988817673815271	0.1233877751045441
1	0	8.5	4.71190158528447	0.1386956416281479
1	0	8.5	4.405935056614114	0.1591874668696783
1	0	8.5	4.07280447319765	0.1870834774806184
1	0	8.5	3.714563695859004	0.2257746456096889
1	0	8.5	3.333421398117614	0.2801093859331056
1	0	8.5	2.93172744898173	0.3558567446545015
1	0	8.5	2.511958425224569	0.4572680966811323
1	0	8.5	2.076702342464958	0.5829951073904798
1	0	8.5	1.628642699190446	0.7233736696743555
1	0	8.5	1.17054193209677	0.8612742508400583
1	0	8.5	0.7052243847470262	0.9745499895160331
1	0	8.5	0.235558894554412	1.039580122289049

1	0	8.6	5.995374217444337	0.08473090535578229
1	0	8.6	5.958410741729558	0.08580196702790263
1	0	8.6	5.884711682419383	0.08799935542235864
1	0	8.6	5.774731418721884	0.0914398242863603
1	0	8.6	5.629148015534905	0.09631530425921243
1	0	8.6	5.448859042950488	0.1029169230877569
1	0	8.6	5.234976042436783	0.1116747796948018
1	0	8.6	4.988817673815271	0.1232232601043904
1	0	8.6	4.71190158528447	0.1385091519030809
1	0	8.6	4.405935056614114	0.1589709134237457
1	0	8.6	4.07280447319765	0.1868247256052744
1	0	8.6	3.714563695859004	0.2254547970742314
1	0	8.6	3.333421398117614	0.2796986493029019
1	0	8.6	2.93172744898173	0.3553101427771162
1	0	8.6	2.511958425224569	0.4565258418887824
1	0	8.6	2.076702342464958	0.5819940305160033
1	0	8.6	1.628642699190446	0.722068491508926
1	0	8.6	1.17054193209677	0.8596585925745457
1	0	8.6	0.7052243847470262	0.9726715838226424
1	0	8.6	0.235558894554412	1.03754771141086

1	0	8.700000000000001	5.995374217444337	0.08462026765857665
1	0	8.700000000000001	5.958410741729558	0.08568986971382289
1	0	8.700000000000001	5.884711682419383	0.0878842583327903
1	0	8.700000000000001	5.774731418721884	0.09132001619781087
1	0	8.700000000000001	5.629148015534905	0.09618879013189477
1	0	8.700000000000001	5.448859042950488	0.1027812714676306
1	0	8.700000000000001	5.234976042436783	0.1115269020369563
1	0	8.700000000000001	4.988817673815271	0.1230590733073711
1	0	8.700000000000001	4.71190158528447	0.1383230354594007
1	0	8.700000000000001	4.405935056614114	0.1587547956059186
1	0	8.700000000000001	4.07280447319765	0.1865664984042699
1	0	8.700000000000001	3.714563695859004	0.2251356058306935
1	0	8.700000000000001	3.333421398117614	0.2792887760402876
1	0	8.700000000000001	2.93172744898173	0.3547647309831568
1	0	8.700000000000001	2.511958425224569	0.4557852794399263
1	0	8.700000000000001	2.076702342464958	0.580995350909573
1	0	8.700000000000001	1.628642699190446	0.7207665774917383
1	0	8.700000000000001	1.17054193209677	0.8580471134077391
1	0	8.700000000000001	0.7052243847470262	0.9707981513193581
1	0	8.700000000000001	0.235558894554412	1.035520747566758

1	0	8.800000000000001	5.995374217444337	0.08450984894981421
1	0	8.800000000000001	5.958410741729558	0.08557799431710479
1	0	8.800000000000001	5.884711682419383	0.08776938918389603
1	0	8.800000000000001	5.774731418721884	0.09120044551988279
1	0	8.800000000000001	5.629148015534905	0.09606252691847528
1	0	8.800000000000001	5.448859042950488	0.1026458892055509
1	0	8.800000000000001	5.234976042436783	0.1113793185005592
1	0	8.800000000000001	4.988817673815271	0.1228952138272612
1	0	8.800000000000001	4.71190158528447	0.138137291288012
1	0	8.800000000000001	4.405935056614114	0.1585391122364027
1	0	8.800000000000001	4.07280447319765	0.1863087944519311
1	0	8.800000000000001	3.714563695859004	0.2248170700809786
1	0	8.800000000000001	3.333421398117614	0.2788797637499678
1	0	8.800000000000001	2.93172744898173	0.3542205058831959
1	0	8.800000000000001	2.511958425224569	0.4550464043243841
1	0	8.800000000000001	2.076702342464958	0.5799990611581646
1	0	8.800000000000001	1.628642699190446	0.7194679171288653
1	0	8.800000000000001	1.17054193209677	0.8564397994968741
1	0	8.800000000000001	0.7052243847470262	0.9689296751922666
1	0	8.800000000000001	0.235558894554412	1.033499212141656

1	0	8.9	5.995374217444337	0.08439964863999304
1	0	8.9	5.958410741729558	0.08546634024032679
1	0	8.9	5.884711682419383	0.08765474736196531
1	0	8.9	5.774731418721884	0.09108111161324571
1	0	8.9	5.629148015534905	0.09593651394307241
1	0	8.9	5.448859042950488	0.1025107755756708
1	0	8.9	5.234976042436783	0.111232028292603
1	0	8.9	4.988817673815271	0.1227316807808738
1	0	8.9	4.71190158528447	0.1379519183832835
1	0	8.9	4.405935056614114	0.1583238621394505
1	0	8.9	4.07280447319765	0.1860516123274809
1	0	8.9	3.714563695859004	0.2244991880331868
1	0	8.9	3.333421398117614	0.2784716100449627
1	0	8.9	2.93172744898173	0.353677464099791
1	0	8.9	2.511958425224569	0.4543092115502888
1	0	8.9	2.076702342464958	0.5790051538769506
1	0	8.9	1.628642699190446	0.7181724999677086
1	0	8.9	1.17054193209677	0.854836637055184
1	0	8.9	0.7052243847470262	0.9670661386967523
1	0	8.9	0.235558894554412	1.031483086597938

1	0	9	5.995374217444337	0.08428966614162876
1	0	9	5.958410741729558	0.08535490688811258
1	0	9	5.884711682419383	0.08754033225538861
1	0	9	5.774731418721884	0.09096201384075768
1	0	9	5.629148015534905	0.09581075053211889
1	0	9	5.448859042950488	0.1023759298546299
1	0	9	5.234976042436783	0.1110850306227975
1	0	9	4.988817673815271	0.1225684732880487
1	0	9	4.71190158528447	0.1377669157430246
1	0	9	4.405935056614114	0.1581090441433455
1	0	9	4.07280447319765	0.1857949506150183
1	0	9	3.714563695859004	0.2241819579015833
1	0	9	3.333421398117614	0.2780643125465734
1	0	9	2.93172744898173	0.353135602267449
1	0	9	2.511958425224569	0.4535736961440162
1	0	9	2.076702342464958	0.5780136217091598
1	0	9	1.628642699190446	0.716880315596812
1	0	9	1.17054193209677	0.8532376123516582
1	0	9	0.7052243847470262	0.9652075251571661
1	0	9	0.235558894554412	1.029472352475055

1	0	9.1	5.995374217444337	0.08417990086924758
1	0	9.1	5.958410741729558	0.0852436936671236
1	0	9.1	5.884711682419383	0.08742614325464849
1	0	9.1	5.774731418721884	0.09084315156745747
1	0	9.1	5.629148015534905	0.0956852360143511
1	0	9.1	5.448859042950488	0.1022413513215413
1	0	9.1	5.234976042436783	0.1109383247035558
1	0	9.1	4.988817673815271	0.1224055904716363
1	0	9.1	4.71190158528447	0.1375822823684804
1	0	9.1	4.405935056614114	0.1578946570803863
1	0	9.1	4.07280447319765	0.1855388079034974
1	0	9.1	3.714563695859004	0.223865377906572
1	0	9.1	3.333421398117614	0.2776578688843502
1	0	9.1	2.93172744898173	0.3525949170325692
1	0	9.1	2.511958425224569	0.4528398531500941
1	0	9.1	2.076702342464958	0.577024457325936
1	0	9.1	1.628642699190446	0.7155913536456684
1	0	9.1	1.17054193209677	0.8516427117107707
1	0	9.1	0.7052243847470262	0.9633538179664762
1	0	9.1	0.235558894554412	1.027466991389187

1	0	9.200000000000001	5.995374217444337	0.08407035223937644
1	0	9.200000000000001	5.958410741729558	0.0851326999860481
1	0	9.200000000000001	5.884711682419383	0.08731217975231038
1	0	9.200000000000001	5.774731418721884	0.09072452416055395
1	0	9.200000000000001	5.629148015534905	0.09555996972080211
1	0	9.200000000000001	5.448859042950488	0.1021070392579843
1	0	9.200000000000001	5.234976042436783	0.1107919097499851
1	0	9.200000000000001	4.988817673815271	0.1222430314574888
1	0	9.200000000000001	4.71190158528447	0.1373980172643096
1	0	9.200000000000001	4.405935056614114	0.1576806997868662
1	0	9.200000000000001	4.07280447319765	0.1852831827867071
1	0	9.200000000000001	3.714563695859004	0.2235494462746753
1	0	9.200000000000001	3.333421398117614	0.2772522766960518
1	0	9.200000000000001	2.93172744898173	0.3520554050533941
1	0	9.200000000000001	2.511958425224569	0.4521076776311368
1	0	9.200000000000001	2.076702342464958	0.5760376534262367
1	0	9.200000000000001	1.628642699190446	0.7143056037845278
1	0	9.200000000000001	1.17054193209677	0.8500519215122034
1	0	9.200000000000001	0.7052243847470262	0.9615050005859435
1	0	9.200000000000001	0.235558894554412	1.025466985032827

1	0	9.300000000000001	5.995374217444337	0.08396101967053597
1	0	9.300000000000001	5.958410741729558	0.08502192525559488
1	0	9.300000000000001	5.884711682419383	0.08719844114301725
1	0	9.300000000000001	5.774731418721884	0.09060613098941744
1	0	9.300000000000001	5.629148015534905	0.095434950984789
1	0	9.300000000000001	5.448859042950488	0.1019729929479927
1	0	9.300000000000001	5.234976042436783	0.1106457849798744
1	0	9.300000000000001	4.988817673815271	0.1220807953744462
1	0	9.300000000000001	4.71190158528447	0.1372141194385784
1	0	9.300000000000001	4.405935056614114	0.1574671711030609
1	0	9.300000000000001	4.07280447319765	0.1850280738632512
1	0	9.300000000000001	3.714563695859004	0.223234161238503
1	0	9.300000000000001	3.333421398117614	0.276847533627621
1	0	9.300000000000001	2.93172744898173	0.3515170629999599
1	0	9.300000000000001	2.511958425224569	0.4513771646677515
1	0	9.300000000000001	2.076702342464958	0.5750532027367007
1	0	9.300000000000001	1.628642699190446	0.7130230557242152
1	0	9.300000000000001	1.17054193209677	0.848465228190593
1	0	9.300000000000001	0.7052243847470262	0.9596610565447985
1	0	9.300000000000001	0.235558894554412	1.023472315174437

1	0	9.4	5.995374217444337	0.08385190258323033
1	0	9.4	5.958410741729558	0.0849113688884843
1	0	9.4	5.884711682419383	0.08708492682347536
1	0	9.4	5.774731418721884	0.09048797142557199
1	0	9.4	5.629148015534905	0.09531017914190529
1	0	9.4	5.448859042950488	0.1018392116780445
1	0	9.4	5.234976042436783	0.1104999496136845
1	0	9.4	4.988817673815271	0.1219188813543235
1	0	9.4	4.71190158528447	0.1370305879027369
1	0	9.4	4.405935056614114	0.1572540698732094
1	0	9.4	4.07280447319765	0.1847734797365285
1	0	9.4	3.714563695859004	0.2229195210367317
1	0	9.4	3.333421398117614	0.2764436373331374
1	0	9.4	2.93172744898173	0.3509798875540433
1	0	9.4	2.511958425224569	0.4506483093584721
1	0	9.4	2.076702342464958	0.5740710980115051
1	0	9.4	1.628642699190446	0.7117436992159265
1	0	9.4	1.17054193209677	0.8468826182352689
1	0	9.4	0.7052243847470262	0.9578219694398941
1	0	9.4	0.235558894554412	1.021482963658063

1	0	9.5	5.995374217444337	0.08374300039994131
1	0	9.5	5.958410741729558	0.08480103029943964
1	0	9.5	5.884711682419383	0.0869716361924507
1	0	9.5	5.774731418721884	0.09037004484268468
1	0	9.5	5.629148015534905	0.09518565353001127
1	0	9.5	5.448859042950488	0.1017056947370523
1	0	9.5	5.234976042436783	0.1103544028745357
1	0	9.5	4.988817673815271	0.1217572885318987
1	0	9.5	4.71190158528447	0.1368474216716148
1	0	9.5	4.405935056614114	0.1570413949454978
1	0	9.5	4.07280447319765	0.1845193990147138
1	0	9.5	3.714563695859004	0.2226055239140766
1	0	9.5	3.333421398117614	0.2760405854747974
1	0	9.5	2.93172744898173	0.3504438754091181
1	0	9.5	2.511958425224569	0.4499211068196738
1	0	9.5	2.076702342464958	0.5730913320322658
1	0	9.5	1.628642699190446	0.7104675240510564
1	0	9.5	1.17054193209677	0.8453040781899833
1	0	9.5	0.7052243847470262	0.9559877229353893
1	0	9.5	0.235558894554412	1.019498912402968

1	0	9.600000000000001	5.995374217444337	0.08363431254511876
1	0	9.600000000000001	5.958410741729558	0.08469090890517894
1	0	9.600000000000001	5.884711682419383	0.08685856865075768
1	0	9.600000000000001	5.774731418721884	0.09025235061655758
1	0	9.600000000000001	5.629148015534905	0.09506137348922482
1	0	9.600000000000001	5.448859042950488	0.1015724414163534
1	0	9.600000000000001	5.234976042436783	0.1102091439881972
1	0	9.600000000000001	4.988817673815271	0.1215960160449013
1	0	9.600000000000001	4.71190158528447	0.1366646197633991
1	0	9.600000000000001	4.405935056614114	0.1568291451720446
1	0	9.600000000000001	4.07280447319765	0.1842658303107361
1	0	9.600000000000001	3.714563695859004	0.2222921681212669
1	0	9.600000000000001	3.333421398117614	0.2756383757228701
1	0	9.600000000000001	2.93172744898173	0.3499090232703027
1	0	9.600000000000001	2.511958425224569	0.4491955521855016
1	0	9.600000000000001	2.076702342464958	0.5721138976079067
1	0	9.600000000000001	1.628642699190446	0.7091945200610045
1	0	9.600000000000001	1.17054193209677	0.8437295946526667
1	0	9.600000000000001	0.7052243847470262	0.9541583007624264
1	0	9.600000000000001	0.235558894554412	1.017520143403272

1	0	9.700000000000001	5.995374217444337	0.08352583844517221
1	0	9.700000000000001	5.958410741729558	0.08458100412440701
1	0	9.700000000000001	5.884711682419383	0.08674572360125248
1	0	9.700000000000001	5.774731418721884	0.09013488812511924
1	0	9.700000000000001	5.629148015534905	0.09493733836191028
1	0	9.700000000000001	5.448859042950488	0.1014394510096988
1	0	9.700000000000001	5.234976042436783	0.1100641721830763
1	0	9.700000000000001	4.988817673815271	0.1214350630339986
1	0	9.700000000000001	4.71190158528447	0.1364821811996244
1	0	9.700000000000001	4.405935056614114	0.1566173194088824
1	0	9.700000000000001	4.07280447319765	0.1840127722422593
1	0	9.700000000000001	3.714563695859004	0.2219794519150218
1	0	9.700000000000001	3.333421398117614	0.2752370057556689
1	0	9.700000000000001	2.93172744898173	0.3493753278543054
1	0	9.700000000000001	2.511958425224569	0.4484716406077852
1	0	9.700000000000001	2.076702342464958	0.5711387875745197
1	0	9.700000000000001	1.628642699190446	0.7079246771169813
1	0	9.700000000000001	1.17054193209677	0.8421591542751533
1	0	9.700000000000001	0.7052243847470262	0.952333686718787
1	0	9.700000000000001	0.235558894554412	1.015546638727549

1	0	9.800000000000001	5.995374217444337	0.08341757752846414
1	0	9.800000000000001	5.958410741729558	0.08447131537780572
1	0	9.800000000000001	5.884711682419383	0.08663310044882155
1	0	9.800000000000001	5.774731418721884	0.09001765674841486
1	0	9.800000000000001	5.629148015534905	0.09481354749267124
1	0	9.800000000000001	5.448859042950488	0.1013067228132434
1	0	9.800000000000001	5.234976042436783	0.1099194866902071
1	0	9.800000000000001	4.988817673815271	0.121274428642784
1	0	9.800000000000001	4.71190158528447	0.1363001050051595
1	0	9.800000000000001	4.405935056614114	0.1564059165159409
1	0	9.800000000000001	4.07280447319765	0.1837602234316649
1	0	9.800000000000001	3.714563695859004	0.2216673735580245
1	0	9.800000000000001	3.333421398117614	0.2748364732595146
1	0	9.800000000000001	2.93172744898173	0.3488427858893818
1	0	9.800000000000001	2.511958425224569	0.4477493672559709
1	0	9.800000000000001	2.076702342464958	0.570165994795273
1	0	9.800000000000001	1.628642699190446	0.7066579851298389
1	0	9.800000000000001	1.17054193209677	0.8405927437629396
1	0	9.800000000000001	0.7052243847470262	0.9505138646685942
1	0	9.800000000000001	0.235558894554412	1.013578380518545

1	0	9.9	5.995374217444337	0.08330952922529944
1	0	9.9	5.958410741729558	0.08436184208802902
1	0	9.9	5.884711682419383	0.08652069860037766
1	0	9.9	5.774731418721884	0.08990065586859884
1	0	9.9	5.629148015534905	0.09469000022834068
1	0	9.9	5.448859042950488	0.1011742561255372
1	0	9.9	5.234976042436783	0.1097750867432405
1	0	9.9	4.988817673815271	0.1211141120177663
1	0	9.9	4.71190158528447	0.1361183902081917
1	0	9.9	4.405935056614114	0.1561949353570362
1	0	9.9	4.07280447319765	0.1835081825060301
1	0	9.9	3.714563695859004	0.2213559313188983
1	0	9.9	3.333421398117614	0.2744367759287041
1	0	9.9	2.93172744898173	0.3483113941152913
1	0	9.9	2.511958425224569	0.4470287273170405
1	0	9.9	2.076702342464958	0.5691955121602635
1	0	9.9	1.628642699190446	0.705394434049882
1	0	9.9	1.17054193209677	0.8390303498749166
1	0	9.9	0.7052243847470262	0.948698818541977
1	0	9.9	0.235558894554412	1.011615350992712

1	0	10	5.995374217444337	0.0832016929679207
1	0	10	5.958410741729558	0.08425258367969167
1	0	10	5.884711682419383	0.08640851746484772
1	0	10	5.774731418721884	0.08978388486992496
1	0	10	5.629148015534905	0.09456669591797226
1	0	10	5.448859042950488	0.1010420502475146
1	0	10	5.234976042436783	0.1096309715784331
1	0	10	4.988817673815271	0.120954112308356
1	0	10	4.71190158528447	0.1359370358402135
1	0	10	4.405935056614114	0.1559843747998479
1	0	10	4.07280447319765	0.1832566480971095
1	0	10	3.714563695859004	0.2210451234721829
1	0	10	3.333421398117614	0.2740379114654802
1	0	10	2.93172744898173	0.3477811492832348
1	0	10	2.511958425224569	0.4463097159954376
1	0	10	2.076702342464958	0.568227332586413
1	0	10	1.628642699190446	0.7041340138666856
1	0	10	1.17054193209677	0.8374719594231355
1	0	10	0.7052243847470262	0.9468885323347632
1	0	10	0.235558894554412	1.009657532439937

