1	0	0	5.995374217444337	0.09513499920937264
1	0	0	5.958410741729558	0.0963434857075041
1	0	0	5.884711682419383	0.09882332293752535
1	0	0	5.774731418721884	0.1027074080271221
1	0	0	5.629148015534905	0.1082144648908716
1	0	0	5.448859042950488	0.1156768428981137
1	0	0	5.234976042436783	0.1255867565881104
1	0	0	4.988817673815271	0.1386727198829463
1	0	0	4.71190158528447	0.1560272858378809
1	0	0	4.405935056614114	0.1793219768751855
1	0	0	4.07280447319765	0.2111585167956898
1	0	0	3.714563695859004	0.2555703592734076
1	0	0	3.333421398117614	0.3184524510246254
1	0	0	2.93172744898173	0.4070571765810366
1	0	0	2.511958425224569	0.5271226269654146
1	0	0	2.076702342464958	0.6777058541347168
1	0	0	1.628642699190446	0.8474616822495133
1	0	0	1.17054193209677	1.015489826592975
1	0	0	0.7052243847470262	1.154350550730659
1	0	0	0.235558894554412	1.234414951838095

1	0	0.1	5.995374217444337	0.09500658184053484
1	0	0.1	5.958410741729558	0.09621341740126588
1	0	0.1	5.884711682419383	0.09868986517822241
1	0	0.1	5.774731418721884	0.1025686368553171
1	0	0.1	5.629148015534905	0.1080681502789595
1	0	0.1	5.448859042950488	0.115520287775224
1	0	0.1	5.234976042436783	0.1254165679856949
1	0	0.1	4.988817673815271	0.1384844659372438
1	0	0.1	4.71190158528447	0.1558149568174031
1	0	0.1	4.405935056614114	0.1790771013989638
1	0	0.1	4.07280447319765	0.2108686693985984
1	0	0.1	3.714563695859004	0.2552166664722909
1	0	0.1	3.333421398117614	0.3180058608724147
1	0	0.1	2.93172744898173	0.4064746320147662
1	0	0.1	2.511958425224569	0.5263476135708943
1	0	0.1	2.076702342464958	0.6766794588778673
1	0	0.1	1.628642699190446	0.8461431465830617
1	0	0.1	1.17054193209677	1.013876389896945
1	0	0.1	0.7052243847470262	1.152490407367102
1	0	0.1	0.235558894554412	1.23241150944439

1	0	0.2	5.995374217444337	0.09487843299679848
1	0	0.2	5.958410741729558	0.09608362107921198
1	0	0.2	5.884711682419383	0.09855668650536917
1	0	0.2	5.774731418721884	0.1024301559053415
1	0	0.2	5.629148015534905	0.107922141701258
1	0	0.2	5.448859042950488	0.1153640601592131
1	0	0.2	5.234976042436783	0.1252467354898981
1	0	0.2	4.988817673815271	0.1382966060186592
1	0	0.2	4.71190158528447	0.1556030724075473
1	0	0.2	4.405935056614114	0.1788327390267031
1	0	0.2	4.07280447319765	0.2105794300484098
1	0	0.2	3.714563695859004	0.2548637174183183
1	0	0.2	3.333421398117614	0.3175602146464854
1	0	0.2	2.93172744898173	0.405893331303894
1	0	0.2	2.511958425224569	0.525574282051713
1	0	0.2	2.076702342464958	0.6756553354589375
1	0	0.2	1.628642699190446	0.8448275841507922
1	0	0.2	1.17054193209677	1.01226664363901
1	0	0.2	0.7052243847470262	1.150634557978135
1	0	0.2	0.235558894554412	1.230412712402567

1	0	0.3	5.995374217444337	0.09475055190913373
1	0	0.3	5.958410741729558	0.09595409596240728
1	0	0.3	5.884711682419383	0.09842378611969226
1	0	0.3	5.774731418721884	0.1022919643460338
1	0	0.3	5.629148015534905	0.1077764382813249
1	0	0.3	5.448859042950488	0.1152081591121524
1	0	0.3	5.234976042436783	0.1250772580809018
1	0	0.3	4.988817673815271	0.1381091389988027
1	0	0.3	4.71190158528447	0.1553916313351147
1	0	0.3	4.405935056614114	0.1785888882891255
1	0	0.3	4.07280447319765	0.2102907970039322
1	0	0.3	3.714563695859004	0.2545115099808318
1	0	0.3	3.333421398117614	0.317115509637843
1	0	0.3	2.93172744898173	0.4053132708601657
1	0	0.3	2.511958425224569	0.5248026275063897
1	0	0.3	2.076702342464958	0.6746334771648341
1	0	0.3	1.628642699190446	0.843514986047294
1	0	0.3	1.17054193209677	1.010660576652421
1	0	0.3	0.7052243847470262	1.148782989490617
1	0	0.3	0.235558894554412	1.228418546530954

1	0	0.4	5.995374217444337	0.09462293781131932
1	0	0.4	5.958410741729558	0.09582484127476086
1	0	0.4	5.884711682419383	0.09829116322483546
1	0	0.4	5.774731418721884	0.1021540613492664
1	0	0.4	5.629148015534905	0.1076310391459174
1	0	0.4	5.448859042950488	0.1150525836995386
1	0	0.4	5.234976042436783	0.1249081347426104
1	0	0.4	4.988817673815271	0.1379220637534047
1	0	0.4	4.71190158528447	0.1551806323315534
1	0	0.4	4.405935056614114	0.1783455477223114
1	0	0.4	4.07280447319765	0.2100027685303252
1	0	0.4	3.714563695859004	0.2541600420369481
1	0	0.4	3.333421398117614	0.3166717431473801
1	0	0.4	2.93172744898173	0.4047344471084554
1	0	0.4	2.511958425224569	0.5240326450515067
1	0	0.4	2.076702342464958	0.6736138773074527
1	0	0.4	1.628642699190446	0.8422053434006352
1	0	0.4	1.17054193209677	1.009058177812735
1	0	0.4	0.7052243847470262	1.146935688881137
1	0	0.4	0.235558894554412	1.226428997701934

1	0	0.5	5.995374217444337	0.09449558993992953
1	0	0.5	5.958410741729558	0.09569585624301347
1	0	0.5	5.884711682419383	0.09815881702734941
1	0	0.5	5.774731418721884	0.1020164460899337
1	0	0.5	5.629148015534905	0.1074859434249809
1	0	0.5	5.448859042950488	0.1148973329902764
1	0	0.5	5.234976042436783	0.1247393644626362
1	0	0.5	4.988817673815271	0.1377353791622998
1	0	0.5	4.71190158528447	0.154970074132937
1	0	0.5	4.405935056614114	0.1781027158676844
1	0	0.5	4.07280447319765	0.2097153428990741
1	0	0.5	3.714563695859004	0.2538093114715204
1	0	0.5	3.333421398117614	0.3162289124858342
1	0	0.5	2.93172744898173	0.4041568564867108
1	0	0.5	2.511958425224569	0.5232643298216159
1	0	0.5	2.076702342464958	0.6725965292235607
1	0	0.5	1.628642699190446	0.8408986473722285
1	0	0.5	1.17054193209677	1.007459436037632
1	0	0.5	0.7052243847470262	1.145092643175794
1	0	0.5	0.235558894554412	1.224444051841687

1	0	0.6000000000000001	5.995374217444337	0.09436850753432249
1	0	0.6000000000000001	5.958410741729558	0.09556714009672491
1	0	0.6000000000000001	5.884711682419383	0.0980267467366773
1	0	0.6000000000000001	5.774731418721884	0.1018791177459394
1	0	0.6000000000000001	5.629148015534905	0.1073411502516316
1	0	0.6000000000000001	5.448859042950488	0.1147424060566664
1	0	0.6000000000000001	5.234976042436783	0.1245709462322814
1	0	0.6000000000000001	4.988817673815271	0.1375490841094008
1	0	0.6000000000000001	4.71190158528447	0.1547599554799464
1	0	0.6000000000000001	4.405935056614114	0.1778603912719789
1	0	0.6000000000000001	4.07280447319765	0.2094285183879601
1	0	0.6000000000000001	3.714563695859004	0.253459316177106
1	0	0.6000000000000001	3.333421398117614	0.3157870149737383
1	0	0.6000000000000001	2.93172744898173	0.4035804954459007
1	0	0.6000000000000001	2.511958425224569	0.5224976769691712
1	0	0.6000000000000001	2.076702342464958	0.6715814262746851
1	0	0.6000000000000001	1.628642699190446	0.8395948891566625
1	0	0.6000000000000001	1.17054193209677	1.005864340286716
1	0	0.6000000000000001	0.7052243847470262	1.143253839449984
1	0	0.6000000000000001	0.235558894554412	1.222463694929953

1	0	0.7000000000000001	5.995374217444337	0.09424168983662735
1	0	0.7000000000000001	5.958410741729558	0.09543869206826266
1	0	0.7000000000000001	5.884711682419383	0.09789495156514214
1	0	0.7000000000000001	5.774731418721884	0.1017420754981812
1	0	0.7000000000000001	5.629148015534905	0.1071966587621437
1	0	0.7000000000000001	5.448859042950488	0.1145878019743884
1	0	0.7000000000000001	5.234976042436783	0.1244028790465221
1	0	0.7000000000000001	4.988817673815271	0.1373631774826899
1	0	0.7000000000000001	4.71190158528447	0.1545502751178489
1	0	0.7000000000000001	4.405935056614114	0.177618572487224
1	0	0.7000000000000001	4.07280447319765	0.2091422932810353
1	0	0.7000000000000001	3.714563695859004	0.2531100540539335
1	0	0.7000000000000001	3.333421398117614	0.3153460479413852
1	0	0.7000000000000001	2.93172744898173	0.4030053604499423
1	0	0.7000000000000001	2.511958425224569	0.5217326816644445
1	0	0.7000000000000001	2.076702342464958	0.6705685618470032
1	0	0.7000000000000001	1.628642699190446	0.8382940599815601
1	0	0.7000000000000001	1.17054193209677	1.00427287956133
1	0	0.7000000000000001	0.7052243847470262	1.141419264828169
1	0	0.7000000000000001	0.235558894554412	1.220487912999777

1	0	0.8	5.995374217444337	0.09411513609173228
1	0	0.8	5.958410741729558	0.09531051139278812
1	0	0.8	5.884711682419383	0.09776343072793463
1	0	0.8	5.774731418721884	0.1016053185305385
1	0	0.8	5.629148015534905	0.1070524680959359
1	0	0.8	5.448859042950488	0.1144335198224859
1	0	0.8	5.234976042436783	0.1242351619039933
1	0	0.8	4.988817673815271	0.137177658174194
1	0	0.8	4.71190158528447	0.1543410317964775
1	0	0.8	4.405935056614114	0.1773772580707149
1	0	0.8	4.07280447319765	0.2088566658685907
1	0	0.8	3.714563695859004	0.2527615230098649
1	0	0.8	3.333421398117614	0.3149060087287801
1	0	0.8	2.93172744898173	0.402431447975658
1	0	0.8	2.511958425224569	0.5209693390954381
1	0	0.8	2.076702342464958	0.6695579293512257
1	0	0.8	1.628642699190446	0.8369961511074313
1	0	0.8	1.17054193209677	1.002685042904352
1	0	0.8	0.7052243847470262	1.139588906483639
1	0	0.8	0.235558894554412	1.218516692137273

1	0	0.9	5.995374217444337	0.09398884554727199
1	0	0.9	5.958410741729558	0.09518259730824422
1	0	0.9	5.884711682419383	0.09763218344310001
1	0	0.9	5.774731418721884	0.1014688460298593
1	0	0.9	5.629148015534905	0.1069085773955567
1	0	0.9	5.448859042950488	0.1142795586833522
1	0	0.9	5.234976042436783	0.1240677938069708
1	0	0.9	4.988817673815271	0.1369925250799689
1	0	0.9	4.71190158528447	0.1541322242702108
1	0	0.9	4.405935056614114	0.1771364465849913
1	0	0.9	4.07280447319765	0.2085716344471324
1	0	0.9	3.714563695859004	0.2524137209603627
1	0	0.9	3.333421398117614	0.3144668946855945
1	0	0.9	2.93172744898173	0.4018587545127131
1	0	0.9	2.511958425224569	0.5202076444678235
1	0	0.9	2.076702342464958	0.6685495222224974
1	0	0.9	1.628642699190446	0.8357011538275236
1	0	0.9	1.17054193209677	1.001100819400015
1	0	0.9	0.7052243847470262	1.137762751638317
1	0	0.9	0.235558894554412	1.216550018481383

1	0	1	5.995374217444337	0.0938628174536157
1	0	1	5.958410741729558	0.09505494905534481
1	0	1	5.884711682419383	0.09750120893152538
1	0	1	5.774731418721884	0.1013326571859468
1	0	1	5.629148015534905	0.1067649858066706
1	0	1	5.448859042950488	0.114125917642716
1	0	1	5.234976042436783	0.1239007737613565
1	0	1	4.988817673815271	0.1368077771000826
1	0	1	4.71190158528447	0.1539238512979518
1	0	1	4.405935056614114	0.1768961365978141
1	0	1	4.07280447319765	0.2082871973193527
1	0	1	3.714563695859004	0.2520666458284633
1	0	1	3.333421398117614	0.3140287031711321
1	0	1	2.93172744898173	0.4012872765635544
1	0	1	2.511958425224569	0.5194475930048439
1	0	1	2.076702342464958	0.667543333920274
1	0	1	1.628642699190446	0.8344090594676604
1	0	1	1.17054193209677	0.9995201981737216
1	0	1	0.7052243847470262	1.135940787562497
1	0	1	0.235558894554412	1.214587878223608

1	0	1.1	5.995374217444337	0.09373705106385491
1	0	1.1	5.958410741729558	0.09492756587755999
1	0	1.1	5.884711682419383	0.09737050641692788
1	0	1.1	5.774731418721884	0.1011967511915464
1	0	1.1	5.629148015534905	0.1066216924780449
1	0	1.1	5.448859042950488	0.1139725957896241
1	0	1.1	5.234976042436783	0.1237341007766624
1	0	1.1	4.988817673815271	0.1366234131385962
1	0	1.1	4.71190158528447	0.1537159116431094
1	0	1.1	4.405935056614114	0.1766563266821441
1	0	1.1	4.07280447319765	0.2080033527941011
1	0	1.1	3.714563695859004	0.2517202955447339
1	0	1.1	3.333421398117614	0.3135914315542791
1	0	1.1	2.93172744898173	0.4007170106433617
1	0	1.1	2.511958425224569	0.5186891799472467
1	0	1.1	2.076702342464958	0.6665393579282247
1	0	1.1	1.628642699190446	0.8331198593861147
1	0	1.1	1.17054193209677	0.9979431683918587
1	0	1.1	0.7052243847470262	1.134123001574672
1	0	1.1	0.235558894554412	1.212630257607827

1	0	1.2	5.995374217444337	0.09361154563379165
1	0	1.2	5.958410741729558	0.09480044702110539
1	0	1.2	5.884711682419383	0.09724007512583997
1	0	1.2	5.774731418721884	0.101061127242333
1	0	1.2	5.629148015534905	0.1064786965615352
1	0	1.2	5.448859042950488	0.1138195922164309
1	0	1.2	5.234976042436783	0.1235677738659923
1	0	1.2	4.988817673815271	0.1364394321035467
1	0	1.2	4.71190158528447	0.1535084040735791
1	0	1.2	4.405935056614114	0.1764170154161148
1	0	1.2	4.07280447319765	0.2077200991863587
1	0	1.2	3.714563695859004	0.2513746680472421
1	0	1.2	3.333421398117614	0.3131550772134629
1	0	1.2	2.93172744898173	0.4001479532799839
1	0	1.2	2.511958425224569	0.5179324005532057
1	0	1.2	2.076702342464958	0.665537587754123
1	0	1.2	1.628642699190446	0.8318335449734524
1	0	1.2	1.17054193209677	0.9963697192616011
1	0	1.2	0.7052243847470262	1.13230938104127
1	0	1.2	0.235558894554412	1.210677142929992

1	0	1.3	5.995374217444337	0.09348630042192556
1	0	1.3	5.958410741729558	0.09467359173493023
1	0	1.3	5.884711682419383	0.09710991428759995
1	0	1.3	5.774731418721884	0.1009257845368973
1	0	1.3	5.629148015534905	0.106335997212072
1	0	1.3	5.448859042950488	0.1136669060187793
1	0	1.3	5.234976042436783	0.1234017920460291
1	0	1.3	4.988817673815271	0.1362558329069284
1	0	1.3	4.71190158528447	0.1533013273617198
1	0	1.3	4.405935056614114	0.1761782013830145
1	0	1.3	4.07280447319765	0.2074374348172134
1	0	1.3	3.714563695859004	0.2510297612815276
1	0	1.3	3.333421398117614	0.3127196375366127
1	0	1.3	2.93172744898173	0.3995801010138906
1	0	1.3	2.511958425224569	0.517177250098236
1	0	1.3	2.076702342464958	0.6645380169297245
1	0	1.3	1.628642699190446	0.8305501076523811
1	0	1.3	1.17054193209677	0.994799840030729
1	0	1.3	0.7052243847470262	1.13049991337647
1	0	1.3	0.235558894554412	1.208728520537932

1	0	1.4	5.995374217444337	0.09336131468944399
1	0	1.4	5.958410741729558	0.09454699927070369
1	0	1.4	5.884711682419383	0.09698002313433811
1	0	1.4	5.774731418721884	0.1007907222767337
1	0	1.4	5.629148015534905	0.1061935935876481
1	0	1.4	5.448859042950488	0.1135145362955897
1	0	1.4	5.234976042436783	0.1232361543370169
1	0	1.4	4.988817673815271	0.136072614464677
1	0	1.4	4.71190158528447	0.1530946802843385
1	0	1.4	4.405935056614114	0.1759398831712595
1	0	1.4	4.07280447319765	0.2071553580138283
1	0	1.4	3.714563695859004	0.2506855732005633
1	0	1.4	3.333421398117614	0.3122851099211121
1	0	1.4	2.93172744898173	0.399013450398109
1	0	1.4	2.511958425224569	0.5164237238751267
1	0	1.4	2.076702342464958	0.6635406390106825
1	0	1.4	1.628642699190446	0.8292695388776132
1	0	1.4	1.17054193209677	0.9932335199874597
1	0	1.4	0.7052243847470262	1.128694586041963
1	0	1.4	0.235558894554412	1.206784376831107

1	0	1.5	5.995374217444337	0.09323658770020775
1	0	1.5	5.958410741729558	0.0944206688828052
1	0	1.5	5.884711682419383	0.09685040090096322
1	0	1.5	5.774731418721884	0.1006559396662267
1	0	1.5	5.629148015534905	0.106051484849303
1	0	1.5	5.448859042950488	0.1133624821490431
1	0	1.5	5.234976042436783	0.1230708597627474
1	0	1.5	4.988817673815271	0.1358897756966522
1	0	1.5	4.71190158528447	0.1528884616226663
1	0	1.5	4.405935056614114	0.1757020593743729
1	0	1.5	4.07280447319765	0.2068738671094171
1	0	1.5	3.714563695859004	0.2503421017647245
1	0	1.5	3.333421398117614	0.311851491773766
1	0	1.5	2.93172744898173	0.3984479979981748
1	0	1.5	2.511958425224569	0.5156718171938589
1	0	1.5	2.076702342464958	0.662545447576421
1	0	1.5	1.628642699190446	0.827991830135724
1	0	1.5	1.17054193209677	0.9916707484602352
1	0	1.5	0.7052243847470262	1.126893386546735
1	0	1.5	0.235558894554412	1.204844698260378

1	0	1.6	5.995374217444337	0.09311211872074107
1	0	1.6	5.958410741729558	0.09429459982831064
1	0	1.6	5.884711682419383	0.09672104682515301
1	0	1.6	5.774731418721884	0.1005214359126387
1	0	1.6	5.629148015534905	0.1059096701611116
1	0	1.6	5.448859042950488	0.1132107426845684
1	0	1.6	5.234976042436783	0.1229059073505405
1	0	1.6	4.988817673815271	0.1357073155266191
1	0	1.6	4.71190158528447	0.1526826701623437
1	0	1.6	4.405935056614114	0.1754647285909642
1	0	1.6	4.07280447319765	0.2065929604432187
1	0	1.6	3.714563695859004	0.2499993449417592
1	0	1.6	3.333421398117614	0.3114187805107533
1	0	1.6	2.93172744898173	0.3978837403920711
1	0	1.6	2.511958425224569	0.5149215253815312
1	0	1.6	2.076702342464958	0.6615524362300386
1	0	1.6	1.628642699190446	0.826716972944996
1	0	1.6	1.17054193209677	0.9901115148175675
1	0	1.6	0.7052243847470262	1.125096302446878
1	0	1.6	0.235558894554412	1.202909471327757

1	0	1.7	5.995374217444337	0.09298790702021917
1	0	1.7	5.958410741729558	0.09416879136698116
1	0	1.7	5.884711682419383	0.09659196014733928
1	0	1.7	5.774731418721884	0.1003872102260979
1	0	1.7	5.629148015534905	0.1057681486901693
1	0	1.7	5.448859042950488	0.1130593170108267
1	0	1.7	5.234976042436783	0.1227412961312328
1	0	1.7	4.988817673815271	0.1355252328822311
1	0	1.7	4.71190158528447	0.1524773046933962
1	0	1.7	4.405935056614114	0.1752278894247037
1	0	1.7	4.07280447319765	0.2063126363604687
1	0	1.7	3.714563695859004	0.2496573007067495
1	0	1.7	3.333421398117614	0.3109869735575842
1	0	1.7	2.93172744898173	0.3973206741701796
1	0	1.7	2.511958425224569	0.5141728437822796
1	0	1.7	2.076702342464958	0.6605615985982067
1	0	1.7	1.628642699190446	0.8254449588552945
1	0	1.7	1.17054193209677	0.9885558084678411
1	0	1.7	0.7052243847470262	1.123303321345345
1	0	1.7	0.235558894554412	1.200978682586189

1	0	1.8	5.995374217444337	0.09286395187045637
1	0	1.8	5.958410741729558	0.09404324276125095
1	0	1.8	5.884711682419383	0.09646314011069745
1	0	1.8	5.774731418721884	0.100253261819585
1	0	1.8	5.629148015534905	0.1056269196065802
1	0	1.8	5.448859042950488	0.1129082042396991
1	0	1.8	5.234976042436783	0.12257702513916
1	0	1.8	4.988817673815271	0.1353435266950145
1	0	1.8	4.71190158528447	0.1522723640102179
1	0	1.8	4.405935056614114	0.1749915404843005
1	0	1.8	4.07280447319765	0.206032893212375
1	0	1.8	3.714563695859004	0.2493159670420854
1	0	1.8	3.333421398117614	0.3105560683490639
1	0	1.8	2.93172744898173	0.3967587959352198
1	0	1.8	2.511958425224569	0.5134257677572112
1	0	1.8	2.076702342464958	0.6595729283310438
1	0	1.8	1.628642699190446	0.8241757794479011
1	0	1.8	1.17054193209677	0.9870036188591377
1	0	1.8	0.7052243847470262	1.121514430891754
1	0	1.8	0.235558894554412	1.199052318639319

1	0	1.9	5.995374217444337	0.09274025254589469
1	0	1.9	5.958410741729558	0.09391795327621633
1	0	1.9	5.884711682419383	0.09633458596113459
1	0	1.9	5.774731418721884	0.1001195899089191
1	0	1.9	5.629148015534905	0.105485982083442
1	0	1.9	5.448859042950488	0.1127574034862702
1	0	1.9	5.234976042436783	0.1224130934121419
1	0	1.9	4.988817673815271	0.1351621959003501
1	0	1.9	4.71190158528447	0.1520678469115549
1	0	1.9	4.405935056614114	0.1747556803834851
1	0	1.9	4.07280447319765	0.2057537293560887
1	0	1.9	3.714563695859004	0.2489753419374297
1	0	1.9	3.333421398117614	0.3101260623292504
1	0	1.9	2.93172744898173	0.3961981023022002
1	0	1.9	2.511958425224569	0.5126802926843237
1	0	1.9	2.076702342464958	0.6585864191020473
1	0	1.9	1.628642699190446	0.8229094263354045
1	0	1.9	1.17054193209677	0.9854549354790656
1	0	1.9	0.7052243847470262	1.119729618782183
1	0	1.9	0.235558894554412	1.197130366141254

1	0	2	5.995374217444337	0.09261680832359327
1	0	2	5.958410741729558	0.09379292217962346
1	0	2	5.884711682419383	0.09620629694727599
1	0	2	5.774731418721884	0.09998619371274838
1	0	2	5.629148015534905	0.1053453352968349
1	0	2	5.448859042950488	0.1126069138688154
1	0	2	5.234976042436783	0.1222494999914664
1	0	2	4.988817673815271	0.1349812394374552
1	0	2	4.71190158528447	0.1518637522004774
1	0	2	4.405935056614114	0.1745203077409792
1	0	2	4.07280447319765	0.2054751431546813
1	0	2	3.714563695859004	0.2486354233896867
1	0	2	3.333421398117614	0.3096969529514093
1	0	2	2.93172744898173	0.3956385898983611
1	0	2	2.511958425224569	0.5119364139584256
1	0	2	2.076702342464958	0.6576020646079496
1	0	2	1.628642699190446	0.8216458911615239
1	0	2	1.17054193209677	0.9839097478545584
1	0	2	0.7052243847470262	1.117948872758936
1	0	2	0.235558894554412	1.195212811796354

1	0	2.1	5.995374217444337	0.09249361848321487
1	0	2.1	5.958410741729558	0.09366814874185643
1	0	2.1	5.884711682419383	0.09607827232045431
1	0	2.1	5.774731418721884	0.09985307245253632
1	0	2.1	5.629148015534905	0.1052049784258065
1	0	2.1	5.448859042950488	0.1124567345087865
1	0	2.1	5.234976042436783	0.122086243921877
1	0	2.1	4.988817673815271	0.1348006562493703
1	0	2.1	4.71190158528447	0.1516600786843701
1	0	2.1	4.405935056614114	0.1742854211804815
1	0	2.1	4.07280447319765	0.205197132977115
1	0	2.1	3.714563695859004	0.2482962094029692
1	0	2.1	3.333421398117614	0.3092687376779813
1	0	2.1	2.93172744898173	0.3950802553631233
1	0	2.1	2.511958425224569	0.5111941269910719
1	0	2.1	2.076702342464958	0.6566198585686441
1	0	2.1	1.628642699190446	0.8203851656010014
1	0	2.1	1.17054193209677	0.9823680455517243
1	0	2.1	0.7052243847470262	1.116172180610354
1	0	2.1	0.235558894554412	1.193299642358977

1	0	2.2	5.995374217444337	0.09237068230701583
1	0	2.2	5.958410741729558	0.09354363223592607
1	0	2.2	5.884711682419383	0.09595051133469766
1	0	2.2	5.774731418721884	0.09972022535254792
1	0	2.2	5.629148015534905	0.1050649106523603
1	0	2.2	5.448859042950488	0.1123068645307976
1	0	2.2	5.234976042436783	0.1219233242515536
1	0	2.2	4.988817673815271	0.1346204452829383
1	0	2.2	4.71190158528447	0.1514568251749104
1	0	2.2	4.405935056614114	0.1740510193306414
1	0	2.2	4.07280447319765	0.2049196971982228
1	0	2.2	3.714563695859004	0.2479576979885712
1	0	2.2	3.333421398117614	0.3088414139805337
1	0	2.2	2.93172744898173	0.3945230953480306
1	0	2.2	2.511958425224569	0.510453427210487
1	0	2.2	2.076702342464958	0.6556397947270678
1	0	2.2	1.628642699190446	0.8191272413594485
1	0	2.2	1.17054193209677	0.9808298181756516
1	0	2.2	0.7052243847470262	1.114399530170612
1	0	2.2	0.235558894554412	1.19139084463327

1	0	2.3	5.995374217444337	0.09224799907983561
1	0	2.3	5.958410741729558	0.09341937193745956
1	0	2.3	5.884711682419383	0.09582301324671717
1	0	2.3	5.774731418721884	0.09958765163983928
1	0	2.3	5.629148015534905	0.1049251311614418
1	0	2.3	5.448859042950488	0.1121573030626122
1	0	2.3	5.234976042436783	0.1217607400321005
1	0	2.3	4.988817673815271	0.1344406054887896
1	0	2.3	4.71190158528447	0.1512539904880457
1	0	2.3	4.405935056614114	0.1738171008250385
1	0	2.3	4.07280447319765	0.2046428341986745
1	0	2.3	3.714563695859004	0.2476198871649302
1	0	2.3	3.333421398117614	0.3084149793397301
1	0	2.3	2.93172744898173	0.3939671065167014
1	0	2.3	2.511958425224569	0.5097143100614846
1	0	2.3	2.076702342464958	0.6546618668491028
1	0	2.3	1.628642699190446	0.8178721101731994
1	0	2.3	1.17054193209677	0.9792950553702385
1	0	2.3	0.7052243847470262	1.112630909319485
1	0	2.3	0.235558894554412	1.189486405472945

1	0	2.4	5.995374217444337	0.0921255680890823
1	0	2.4	5.958410741729558	0.09329536712468579
1	0	2.4	5.884711682419383	0.09569577731589665
1	0	2.4	5.774731418721884	0.09945535054424455
1	0	2.4	5.629148015534905	0.1047856391409261
1	0	2.4	5.448859042950488	0.1120080492351282
1	0	2.4	5.234976042436783	0.1215984903185299
1	0	2.4	4.988817673815271	0.1342611358213267
1	0	2.4	4.71190158528447	0.1510515734439796
1	0	2.4	4.405935056614114	0.1735836643021606
1	0	2.4	4.07280447319765	0.2043665423649586
1	0	2.4	3.714563695859004	0.2472827749575996
1	0	2.4	3.333421398117614	0.3079894312452816
1	0	2.4	2.93172744898173	0.3934122855447711
1	0	2.4	2.511958425224569	0.5089767710054058
1	0	2.4	2.076702342464958	0.6536860687234759
1	0	2.4	1.628642699190446	0.8166197638091947
1	0	2.4	1.17054193209677	0.9777637468180218
1	0	2.4	0.7052243847470262	1.110866305982157
1	0	2.4	0.235558894554412	1.187586311781048

1	0	2.5	5.995374217444337	0.09200338862472517
1	0	2.5	5.958410741729558	0.09317161707842808
1	0	2.5	5.884711682419383	0.09556880280427878
1	0	2.5	5.774731418721884	0.09932332129836408
1	0	2.5	5.629148015534905	0.1046464337816056
1	0	2.5	5.448859042950488	0.1118591021823643
1	0	2.5	5.234976042436783	0.121436574169248
1	0	2.5	4.988817673815271	0.1340820352387057
1	0	2.5	4.71190158528447	0.1508495728671518
1	0	2.5	4.405935056614114	0.1733507084053842
1	0	2.5	4.07280447319765	0.2040908200893536
1	0	2.5	3.714563695859004	0.2469463593992197
1	0	2.5	3.333421398117614	0.3075647671959101
1	0	2.5	2.93172744898173	0.3928586291198458
1	0	2.5	2.511958425224569	0.5082408055200407
1	0	2.5	2.076702342464958	0.6527123941616537
1	0	2.5	1.628642699190446	0.8153701940648215
1	0	2.5	1.17054193209677	0.9762358822400005
1	0	2.5	0.7052243847470262	1.109105708129046
1	0	2.5	0.235558894554412	1.185690550509745

1	0	2.6	5.995374217444337	0.09188145997928064
1	0	2.6	5.958410741729558	0.09304812108208875
1	0	2.6	5.884711682419383	0.09544208897655515
1	0	2.6	5.774731418721884	0.09919156313755254
1	0	2.6	5.629148015534905	0.1045075142771762
1	0	2.6	5.448859042950488	0.1117104610414477
1	0	2.6	5.234976042436783	0.1212749906460393
1	0	2.6	4.988817673815271	0.1339033027028211
1	0	2.6	4.71190158528447	0.1506479875862177
1	0	2.6	4.405935056614114	0.1731182317829515
1	0	2.6	4.07280447319765	0.2038156657699015
1	0	2.6	3.714563695859004	0.2466106385294804
1	0	2.6	3.333421398117614	0.3071409846993117
1	0	2.6	2.93172744898173	0.392306133941443
1	0	2.6	2.511958425224569	0.50750640909955
1	0	2.6	2.076702342464958	0.6517408369977464
1	0	2.6	1.628642699190446	0.8141233927678004
1	0	2.6	1.17054193209677	0.9747114513954566
1	0	2.6	0.7052243847470262	1.107349103775538
1	0	2.6	0.235558894554412	1.183799108660083

1	0	2.7	5.995374217444337	0.09175978144780257
1	0	2.7	5.958410741729558	0.09292487842164107
1	0	2.7	5.884711682419383	0.0953156351000542
1	0	2.7	5.774731418721884	0.09906007529990561
1	0	2.7	5.629148015534905	0.1043688798242238
1	0	2.7	5.448859042950488	0.1115621249525986
1	0	2.7	5.234976042436783	0.121113738814052
1	0	2.7	4.988817673815271	0.1337249371792892
1	0	2.7	4.71190158528447	0.1504468164340335
1	0	2.7	4.405935056614114	0.1728862330879476
1	0	2.7	4.07280447319765	0.2035410778103868
1	0	2.7	3.714563695859004	0.2462756103950969
1	0	2.7	3.333421398117614	0.306718081272115
1	0	2.7	2.93172744898173	0.3917547967209425
1	0	2.7	2.511958425224569	0.506773577254404
1	0	2.7	2.076702342464958	0.6507713910884027
1	0	2.7	1.628642699190446	0.8128793517760305
1	0	2.7	1.17054193209677	0.973190444081798
1	0	2.7	0.7052243847470262	1.105596480981833
1	0	2.7	0.235558894554412	1.18191197328179

1	0	2.8	5.995374217444337	0.09163835232787107
1	0	2.8	5.958410741729558	0.09280188838561688
1	0	2.8	5.884711682419383	0.09518944044472918
1	0	2.8	5.774731418721884	0.09892885702624973
1	0	2.8	5.629148015534905	0.1042305296222154
1	0	2.8	5.448859042950488	0.1114140930591178
1	0	2.8	5.234976042436783	0.1209528177417842
1	0	2.8	4.988817673815271	0.1335469376374314
1	0	2.8	4.71190158528447	0.1502460582476339
1	0	2.8	4.405935056614114	0.1726547109782821
1	0	2.8	4.07280447319765	0.2032670546203056
1	0	2.8	3.714563695859004	0.2459412730497746
1	0	2.8	3.333421398117614	0.3062960544398413
1	0	2.8	2.93172744898173	0.3912046141815351
1	0	2.8	2.511958425224569	0.5060423055113055
1	0	2.8	2.076702342464958	0.6498040503127139
1	0	2.8	1.628642699190446	0.8116380629774711
1	0	2.8	1.17054193209677	0.9716728501343742
1	0	2.8	0.7052243847470262	1.103847827852733
1	0	2.8	0.235558894554412	1.18002913147305

1	0	2.9	5.995374217444337	0.09151717191958017
1	0	2.9	5.958410741729558	0.09267915026509518
1	0	2.9	5.884711682419383	0.09506350428314732
1	0	2.9	5.774731418721884	0.09879790756012884
1	0	2.9	5.629148015534905	0.1040924628734818
1	0	2.9	5.448859042950488	0.1112663645073732
1	0	2.9	5.234976042436783	0.1207922265010676
1	0	2.9	4.988817673815271	0.1333693030502575
1	0	2.9	4.71190158528447	0.1500457118682161
1	0	2.9	4.405935056614114	0.1724236641166671
1	0	2.9	4.07280447319765	0.2029935946148464
1	0	2.9	3.714563695859004	0.2456076245541818
1	0	2.9	3.333421398117614	0.3058749017368679
1	0	2.9	2.93172744898173	0.3906555830581754
1	0	2.9	2.511958425224569	0.5053125894131235
1	0	2.9	2.076702342464958	0.6488388085721156
1	0	2.9	1.628642699190446	0.8103995182899886
1	0	2.9	1.17054193209677	0.9701586594263073
1	0	2.9	0.7052243847470262	1.102103132537429
1	0	2.9	0.235558894554412	1.178150570380275

1	0	3	5.995374217444337	0.09139623952552939
1	0	3	5.958410741729558	0.09255666335369041
1	0	3	5.884711682419383	0.09493782589047928
1	0	3	5.774731418721884	0.09866722614779393
1	0	3	5.629148015534905	0.1039546787832088
1	0	3	5.448859042950488	0.111118938446787
1	0	3	5.234976042436783	0.1206319641670547
1	0	3	4.988817673815271	0.1331920323944519
1	0	3	4.71190158528447	0.1498457761411234
1	0	3	4.405935056614114	0.172193091170597
1	0	3	4.07280447319765	0.2027206962148615
1	0	3	3.714563695859004	0.2452746629759176
1	0	3	3.333421398117614	0.3054546207063896
1	0	3	2.93172744898173	0.3901077000975173
1	0	3	2.511958425224569	0.5045844245188118
1	0	3	2.076702342464958	0.6478756597902843
1	0	3	1.628642699190446	0.8091637096612434
1	0	3	1.17054193209677	0.9686478618683356
1	0	3	0.7052243847470262	1.100362383229321
1	0	3	0.235558894554412	1.176276277197899

1	0	3.1	5.995374217444337	0.09127555445080997
1	0	3.1	5.958410741729558	0.09243442694754372
1	0	3.1	5.884711682419383	0.0948124045444855
1	0	3.1	5.774731418721884	0.09853681203818911
1	0	3.1	5.629148015534905	0.1038171765594221
1	0	3.1	5.448859042950488	0.1109718140298208
1	0	3.1	5.234976042436783	0.1204720298182028
1	0	3.1	4.988817673815271	0.1330151246503567
1	0	3.1	4.71190158528447	0.1496462499158236
1	0	3.1	4.405935056614114	0.1719629908123244
1	0	3.1	4.07280447319765	0.202448357846844
1	0	3.1	3.714563695859004	0.2449423863894811
1	0	3.1	3.333421398117614	0.3050352089003789
1	0	3.1	2.93172744898173	0.389560962057878
1	0	3.1	2.511958425224569	0.5038578064033463
1	0	3.1	2.076702342464958	0.6469145979130446
1	0	3.1	1.628642699190446	0.8079306290685485
1	0	3.1	1.17054193209677	0.9671404474086341
1	0	3.1	0.7052243847470262	1.098625568165787
1	0	3.1	0.235558894554412	1.174406239168155

1	0	3.2	5.995374217444337	0.09115511600299656
1	0	3.2	5.958410741729558	0.09231244034530856
1	0	3.2	5.884711682419383	0.09468723952550617
1	0	3.2	5.774731418721884	0.09840666448294239
1	0	3.2	5.629148015534905	0.1036799554129771
1	0	3.2	5.448859042950488	0.1108249904119633
1	0	3.2	5.234976042436783	0.1203124225362621
1	0	3.2	4.988817673815271	0.1328385788019533
1	0	3.2	4.71190158528447	0.1494471320458911
1	0	3.2	4.405935056614114	0.1717333617188447
1	0	3.2	4.07280447319765	0.2021765779429026
1	0	3.2	3.714563695859004	0.2446107928762438
1	0	3.2	3.333421398117614	0.3046166638795487
1	0	3.2	2.93172744898173	0.3890153657091783
1	0	3.2	2.511958425224569	0.503132730657657
1	0	3.2	2.076702342464958	0.6459556169082646
1	0	3.2	1.628642699190446	0.8067002685187303
1	0	3.2	1.17054193209677	0.965636406032639
1	0	3.2	0.7052243847470262	1.09689267562804
1	0	3.2	0.235558894554412	1.172540443580869

1	0	3.3	5.995374217444337	0.09103492349213366
1	0	3.3	5.958410741729558	0.09219070284814337
1	0	3.3	5.884711682419383	0.09456233011645114
1	0	3.3	5.774731418721884	0.09827678273635246
1	0	3.3	5.629148015534905	0.1035430145575455
1	0	3.3	5.448859042950488	0.1106784667517175
1	0	3.3	5.234976042436783	0.1201531414062574
1	0	3.3	4.988817673815271	0.1326623938368496
1	0	3.3	4.71190158528447	0.1492484213889944
1	0	3.3	4.405935056614114	0.1715042025718707
1	0	3.3	4.07280447319765	0.2019053549407397
1	0	3.3	3.714563695859004	0.2442798805244176
1	0	3.3	3.333421398117614	0.304198983213312
1	0	3.3	2.93172744898173	0.3884709078328952
1	0	3.3	2.511958425224569	0.5024091928885555
1	0	3.3	2.076702342464958	0.6449987107657653
1	0	3.3	1.628642699190446	0.8054726200480156
1	0	3.3	1.17054193209677	0.9641357277629016
1	0	3.3	0.7052243847470262	1.095163693940866
1	0	3.3	0.235558894554412	1.170678877773241

1	0	3.4	5.995374217444337	0.09091497623072849
1	0	3.4	5.958410741729558	0.09206921375969822
1	0	3.4	5.884711682419383	0.09443767560278672
1	0	3.4	5.774731418721884	0.09814716605537681
1	0	3.4	5.629148015534905	0.1034063532096024
1	0	3.4	5.448859042950488	0.1105322422105871
1	0	3.4	5.234976042436783	0.1199941855164772
1	0	3.4	4.988817673815271	0.1324865687462637
1	0	3.4	4.71190158528447	0.1490501168068707
1	0	3.4	4.405935056614114	0.1712755120578153
1	0	3.4	4.07280447319765	0.2016346872836209
1	0	3.4	3.714563695859004	0.2439496474290258
1	0	3.4	3.333421398117614	0.3037821644797506
1	0	3.4	2.93172744898173	0.3879275852220099
1	0	3.4	2.511958425224569	0.5016871887186576
1	0	3.4	2.076702342464958	0.6440438734972235
1	0	3.4	1.628642699190446	0.8042476757218775
1	0	3.4	1.17054193209677	0.9626384026589124
1	0	3.4	0.7052243847470262	1.093438611472481
1	0	3.4	0.235558894554412	1.168821529129631

1	0	3.5	5.995374217444337	0.09079527353373638
1	0	3.5	5.958410741729558	0.09194797238610423
1	0	3.5	5.884711682419383	0.09431327527252698
1	0	3.5	5.774731418721884	0.09801781369962076
1	0	3.5	5.629148015534905	0.1032699705884165
1	0	3.5	5.448859042950488	0.1103863159530634
1	0	3.5	5.234976042436783	0.1198355539584587
1	0	3.5	4.988817673815271	0.1323111025250061
1	0	3.5	4.71190158528447	0.148852217165314
1	0	3.5	4.405935056614114	0.1710472888677688
1	0	3.5	4.07280447319765	0.2013645734203582
1	0	3.5	3.714563695859004	0.243620091691874
1	0	3.5	3.333421398117614	0.3033662052655681
1	0	3.5	2.93172744898173	0.3873853946809598
1	0	3.5	2.511958425224569	0.500966713786333
1	0	3.5	2.076702342464958	0.6430910991360738
1	0	3.5	1.628642699190446	0.8030254276349283
1	0	3.5	1.17054193209677	0.9611444208169302
1	0	3.5	0.7052243847470262	1.091717416634324
1	0	3.5	0.235558894554412	1.166968385081349

1	0	3.6	5.995374217444337	0.09067581471855325
1	0	3.6	5.958410741729558	0.09182697803596453
1	0	3.6	5.884711682419383	0.09418912841621865
1	0	3.6	5.774731418721884	0.09788872493132776
1	0	3.6	5.629148015534905	0.1031338659160345
1	0	3.6	5.448859042950488	0.1102406871466133
1	0	3.6	5.234976042436783	0.1196772458269736
1	0	3.6	4.988817673815271	0.132135994171468
1	0	3.6	4.71190158528447	0.1486547213341557
1	0	3.6	4.405935056614114	0.1708195316974805
1	0	3.6	4.07280447319765	0.2010950118052817
1	0	3.6	3.714563695859004	0.2432912114215195
1	0	3.6	3.333421398117614	0.3029511031660613
1	0	3.6	2.93172744898173	0.3868443330255885
1	0	3.6	2.511958425224569	0.500247763745616
1	0	3.6	2.076702342464958	0.6421403817374094
1	0	3.6	1.628642699190446	0.8018058679107815
1	0	3.6	1.17054193209677	0.9596537723698318
1	0	3.6	0.7052243847470262	1.090000097880833
1	0	3.6	0.235558894554412	1.165119433106448

1	0	3.7	5.995374217444337	0.09055659910500356
1	0	3.7	5.958410741729558	0.09170623002034141
1	0	3.7	5.884711682419383	0.09406523432693538
1	0	3.7	5.774731418721884	0.0977598990153634
1	0	3.7	5.629148015534905	0.1029980384172728
1	0	3.7	5.448859042950488	0.1100953549616646
1	0	3.7	5.234976042436783	0.119519260220013
1	0	3.7	4.988817673815271	0.1319612426876012
1	0	3.7	4.71190158528447	0.1484576281872449
1	0	3.7	4.405935056614114	0.1705922392473384
1	0	3.7	4.07280447319765	0.2008260008982158
1	0	3.7	3.714563695859004	0.2429630047332434
1	0	3.7	3.333421398117614	0.3025368557850787
1	0	3.7	2.93172744898173	0.3863043970830941
1	0	3.7	2.511958425224569	0.4995303342661514
1	0	3.7	2.076702342464958	0.6411917153778931
1	0	3.7	1.628642699190446	0.8005889887019167
1	0	3.7	1.17054193209677	0.9581664474869354
1	0	3.7	0.7052243847470262	1.088286643709285
1	0	3.7	0.235558894554412	1.163274660729515

1	0	3.8	5.995374217444337	0.09043762601532988
1	0	3.8	5.958410741729558	0.09158572765274614
1	0	3.8	5.884711682419383	0.09394159230026281
1	0	3.8	5.774731418721884	0.09763133521920977
1	0	3.8	5.629148015534905	0.1028624873197024
1	0	3.8	5.448859042950488	0.1099503185715944
1	0	3.8	5.234976042436783	0.1193615962387756
1	0	3.8	4.988817673815271	0.1317868470789066
1	0	3.8	4.71190158528447	0.1482609366024363
1	0	3.8	4.405935056614114	0.1703654102223452
1	0	3.8	4.07280447319765	0.2005575391644573
1	0	3.8	3.714563695859004	0.2426354697490221
1	0	3.8	3.333421398117614	0.3021234607349829
1	0	3.8	2.93172744898173	0.3857655836919845
1	0	3.8	2.511958425224569	0.4988144210331192
1	0	3.8	2.076702342464958	0.6402450941556599
1	0	3.8	1.628642699190446	0.7993747821895598
1	0	3.8	1.17054193209677	0.9566824363738472
1	0	3.8	0.7052243847470262	1.086577042659614
1	0	3.8	0.235558894554412	1.161434055521457

1	0	3.9	5.995374217444337	0.0903188947741824
1	0	3.9	5.958410741729558	0.09146547024913022
1	0	3.9	5.884711682419383	0.09381820163428908
1	0	3.9	5.774731418721884	0.09750303281294853
1	0	3.9	5.629148015534905	0.102727211853638
1	0	3.9	5.448859042950488	0.109805577152717
1	0	3.9	5.234976042436783	0.1192042529876516
1	0	3.9	4.988817673815271	0.131612806354417
1	0	3.9	4.71190158528447	0.1480646454615654
1	0	3.9	4.405935056614114	0.1701390433321056
1	0	3.9	4.07280447319765	0.2002896250747509
1	0	3.9	3.714563695859004	0.2423086045974954
1	0	3.9	3.333421398117614	0.3017109156366146
1	0	3.9	2.93172744898173	0.3852278897020212
1	0	3.9	2.511958425224569	0.4981000197471735
1	0	3.9	2.076702342464958	0.6393005121902238
1	0	3.9	1.628642699190446	0.7981632405835531
1	0	3.9	1.17054193209677	0.9552017292722971
1	0	3.9	0.7052243847470262	1.084871283314188
1	0	3.9	0.235558894554412	1.159597605099305

1	0	4	5.995374217444337	0.09020040470860895
1	0	4	5.958410741729558	0.09134545712787207
1	0	4	5.884711682419383	0.09369506162959455
1	0	4	5.774731418721884	0.09737499106925451
1	0	4	5.629148015534905	0.1025922112521284
1	0	4	5.448859042950488	0.109661129884269
1	0	4	5.234976042436783	0.1190472295742107
1	0	4	4.988817673815271	0.1314391195266813
1	0	4	4.71190158528447	0.1478687536504393
1	0	4	4.405935056614114	0.1699131372907998
1	0	4	4.07280447319765	0.2000222571052643
1	0	4	3.714563695859004	0.2419824074139405
1	0	4	3.333421398117614	0.3012992181192589
1	0	4	2.93172744898173	0.3846913119741817
1	0	4	2.511958425224569	0.4973871261243683
1	0	4	2.076702342464958	0.6383579636223823
1	0	4	1.628642699190446	0.7969543561222305
1	0	4	1.17054193209677	0.9537243164599726
1	0	4	0.7052243847470262	1.083169354297644
1	0	4	0.235558894554412	1.157765297125987

1	0	4.100000000000001	5.995374217444337	0.09008215514804481
1	0	4.100000000000001	5.958410741729558	0.09122568760976847
1	0	4.100000000000001	5.884711682419383	0.0935721715892395
1	0	4.100000000000001	5.774731418721884	0.0972472092633804
1	0	4.100000000000001	5.629148015534905	0.1024574847509401
1	0	4.100000000000001	5.448859042950488	0.1095169759483985
1	0	4.100000000000001	5.234976042436783	0.1188905251091869
1	0	4.100000000000001	4.988817673815271	0.1312657856117511
1	0	4.100000000000001	4.71190158528447	0.1476732600588132
1	0	4.100000000000001	4.405935056614114	0.169687690817167
1	0	4.100000000000001	4.07280447319765	0.1997554337375664
1	0	4.100000000000001	3.714563695859004	0.2416568763402416
1	0	4.100000000000001	3.333421398117614	0.3008883658206035
1	0	4.100000000000001	2.93172744898173	0.3841558473805937
1	0	4.100000000000001	2.511958425224569	0.496675735896094
1	0	4.100000000000001	2.076702342464958	0.6374174426141291
1	0	4.100000000000001	1.628642699190446	0.7957481210722976
1	0	4.100000000000001	1.17054193209677	0.9522501882503762
1	0	4.100000000000001	0.7052243847470262	1.081471244276682
1	0	4.100000000000001	0.235558894554412	1.155937119310154

1	0	4.2	5.995374217444337	0.08996414542430102
1	0	4.2	5.958410741729558	0.09110616101802381
1	0	4.2	5.884711682419383	0.09344953081875552
1	0	4.2	5.774731418721884	0.09711968667314923
1	0	4.2	5.629148015534905	0.1023230315885499
1	0	4.2	5.448859042950488	0.1093731145301535
1	0	4.2	5.234976042436783	0.1187341387064659
1	0	4.2	4.988817673815271	0.1310928036291629
1	0	4.2	4.71190158528447	0.147478163580378
1	0	4.2	4.405935056614114	0.1694627026344855
1	0	4.2	4.07280447319765	0.1994891534586037
1	0	4.2	3.714563695859004	0.2413320095248637
1	0	4.2	3.333421398117614	0.3004783563867034
1	0	4.2	2.93172744898173	0.383621492804509
1	0	4.2	2.511958425224569	0.4959658448090098
1	0	4.2	2.076702342464958	0.6364789433485476
1	0	4.2	1.628642699190446	0.7945445277286831
1	0	4.2	1.17054193209677	0.9507793349926482
1	0	4.2	0.7052243847470262	1.079776941959889
1	0	4.2	0.235558894554412	1.154113059405955

1	0	4.3	5.995374217444337	0.08984637487155542
1	0	4.3	5.958410741729558	0.09098687667823918
1	0	4.3	5.884711682419383	0.09332713862613291
1	0	4.3	5.774731418721884	0.096992422578941
1	0	4.3	5.629148015534905	0.1021888510061306
1	0	4.3	5.448859042950488	0.1092295448174655
1	0	4.3	5.234976042436783	0.1185780694830713
1	0	4.3	4.988817673815271	0.1309201726019264
1	0	4.3	4.71190158528447	0.1472834631127382
1	0	4.3	4.405935056614114	0.1692381714705513
1	0	4.3	4.07280447319765	0.1992234147606773
1	0	4.3	3.714563695859004	0.2410078051228216
1	0	4.3	3.333421398117614	0.3000691874719533
1	0	4.3	2.93172744898173	0.3830882451402368
1	0	4.3	2.511958425224569	0.4952574486249811
1	0	4.3	2.076702342464958	0.6355424600297354
1	0	4.3	1.628642699190446	0.7933435684144503
1	0	4.3	1.17054193209677	0.9493117470714173
1	0	4.3	0.7052243847470262	1.078086436097555
1	0	4.3	0.235558894554412	1.152293105212823

1	0	4.4	5.995374217444337	0.08972884282634315
1	0	4.4	5.958410741729558	0.09086783391840131
1	0	4.4	5.884711682419383	0.09320499432181083
1	0	4.4	5.774731418721884	0.09686541626368181
1	0	4.4	5.629148015534905	0.1020549422475407
1	0	4.4	5.448859042950488	0.1090862660011403
1	0	4.4	5.234976042436783	0.1184223165591503
1	0	4.4	4.988817673815271	0.1307478915565078
1	0	4.4	4.71190158528447	0.1470891575574017
1	0	4.4	4.405935056614114	0.1690140960576615
1	0	4.4	4.07280447319765	0.1989582161414183
1	0	4.4	3.714563695859004	0.2406842612956525
1	0	4.4	3.333421398117614	0.2996608567390407
1	0	4.4	2.93172744898173	0.3825561012931042
1	0	4.4	2.511958425224569	0.4945505431210087
1	0	4.4	2.076702342464958	0.6346079868826991
1	0	4.4	1.628642699190446	0.7921452354806424
1	0	4.4	1.17054193209677	0.947847414906636
1	0	4.4	0.7052243847470262	1.076399715481479
1	0	4.4	0.235558894554412	1.150477244575323

1	0	4.5	5.995374217444337	0.08961154862754352
1	0	4.5	5.958410741729558	0.09074903206887504
1	0	4.5	5.884711682419383	0.09308309721866706
1	0	4.5	5.774731418721884	0.09673866701283339
1	0	4.5	5.629148015534905	0.1019213045593115
1	0	4.5	5.448859042950488	0.1089432772748461
1	0	4.5	5.234976042436783	0.1182668790579618
1	0	4.5	4.988817673815271	0.1305759595228135
1	0	4.5	4.71190158528447	0.1468952458197553
1	0	4.5	4.405935056614114	0.1687904751325925
1	0	4.5	4.07280447319765	0.1986935561037674
1	0	4.5	3.714563695859004	0.2403613762113901
1	0	4.5	3.333421398117614	0.2992533618589126
1	0	4.5	2.93172744898173	0.3820250581794122
1	0	4.5	2.511958425224569	0.4938451240891661
1	0	4.5	2.076702342464958	0.6336755181532795
1	0	4.5	1.628642699190446	0.7909495213061715
1	0	4.5	1.17054193209677	0.9463863289534387
1	0	4.5	0.7052243847470262	1.074716768944799
1	0	4.5	0.235558894554412	1.148665465382887

1	0	4.600000000000001	5.995374217444337	0.08949449161637373
1	0	4.600000000000001	5.958410741729558	0.09063047046239005
1	0	4.600000000000001	5.884711682419383	0.09296144663200724
1	0	4.600000000000001	5.774731418721884	0.09661217411438271
1	0	4.600000000000001	5.629148015534905	0.1017879371906374
1	0	4.600000000000001	5.448859042950488	0.1088005778350984
1	0	4.600000000000001	5.234976042436783	0.1181117561058606
1	0	4.600000000000001	4.988817673815271	0.130404375534178
1	0	4.600000000000001	4.71190158528447	0.1467017268090549
1	0	4.600000000000001	4.405935056614114	0.168567307436582
1	0	4.600000000000001	4.07280447319765	0.1984294331559493
1	0	4.600000000000001	3.714563695859004	0.2400391480445322
1	0	4.600000000000001	3.333421398117614	0.298846700510748
1	0	4.600000000000001	2.93172744898173	0.3814951127263762
1	0	4.600000000000001	2.511958425224569	0.4931411873365315
1	0	4.600000000000001	2.076702342464958	0.6327450481080312
1	0	4.600000000000001	1.628642699190446	0.7897564182977003
1	0	4.600000000000001	1.17054193209677	0.9449284797019714
1	0	4.600000000000001	0.7052243847470262	1.07303758536178
1	0	4.600000000000001	0.235558894554412	1.146857755569668

1	0	4.7	5.995374217444337	0.08937767113637619
1	0	4.7	5.958410741729558	0.0905121484340313
1	0	4.7	5.884711682419383	0.09284004187955432
1	0	4.7	5.774731418721884	0.09648593685883014
1	0	4.7	5.629148015534905	0.1016548393933626
1	0	4.7	5.448859042950488	0.1086581668812493
1	0	4.7	5.234976042436783	0.1179569468322873
1	0	4.7	4.988817673815271	0.1302331386273467
1	0	4.7	4.71190158528447	0.1465085994384057
1	0	4.7	4.405935056614114	0.1683445917153084
1	0	4.7	4.07280447319765	0.1981658458114527
1	0	4.7	3.714563695859004	0.2397175749760175
1	0	4.7	3.333421398117614	0.2984408703819084
1	0	4.7	2.93172744898173	0.380966261872094
1	0	4.7	2.511958425224569	0.4924387286851258
1	0	4.7	2.076702342464958	0.6318165710341741
1	0	4.7	1.628642699190446	0.7885659188895114
1	0	4.7	1.17054193209677	0.9434738576772456
1	0	4.7	0.7052243847470262	1.071362153647674
1	0	4.7	0.235558894554412	1.145054103114306

1	0	4.800000000000001	5.995374217444337	0.08926108653340775
1	0	4.800000000000001	5.958410741729558	0.09039406532123152
1	0	4.800000000000001	5.884711682419383	0.09271888228143793
1	0	4.800000000000001	5.774731418721884	0.09635995453917917
1	0	4.800000000000001	5.629148015534905	0.1015220104219715
1	0	4.800000000000001	5.448859042950488	0.1085160436154763
1	0	4.800000000000001	5.234976042436783	0.1178024503697515
1	0	4.800000000000001	4.988817673815271	0.130062247842464
1	0	4.800000000000001	4.71190158528447	0.146315862624744
1	0	4.800000000000001	4.405935056614114	0.1681223267188745
1	0	4.800000000000001	4.07280447319765	0.1979027925890054
1	0	4.800000000000001	3.714563695859004	0.239396655193196
1	0	4.800000000000001	3.333421398117614	0.2980358691679185
1	0	4.800000000000001	2.93172744898173	0.3804385025654884
1	0	4.800000000000001	2.511958425224569	0.4917377439718497
1	0	4.800000000000001	2.076702342464958	0.6308900812394634
1	0	4.800000000000001	1.628642699190446	0.7873780155433986
1	0	4.800000000000001	1.17054193209677	0.9420224534389827
1	0	4.800000000000001	0.7052243847470262	1.069690462758489
1	0	4.800000000000001	0.235558894554412	1.143254496039753

1	0	4.9	5.995374217444337	0.08914473715563422
1	0	4.9	5.958410741729558	0.09027622046375755
1	0	4.9	5.884711682419383	0.09259796716018504
1	0	4.9	5.774731418721884	0.09623422645092507
1	0	4.9	5.629148015534905	0.1013894495335756
1	0	4.9	5.448859042950488	0.1083742072427675
1	0	4.9	5.234976042436783	0.1176482658538215
1	0	4.9	4.988817673815271	0.1298917022230557
1	0	4.9	4.71190158528447	0.146123515288825
1	0	4.9	4.405935056614114	0.167900511201785
1	0	4.9	4.07280447319765	0.197640272012554
1	0	4.9	3.714563695859004	0.2390763868897995
1	0	4.9	3.333421398117614	0.2976316945724163
1	0	4.9	2.93172744898173	0.3799118317662636
1	0	4.9	2.511958425224569	0.4910382290484097
1	0	4.9	2.076702342464958	0.6299655730521236
1	0	4.9	1.628642699190446	0.7861927007485191
1	0	4.9	1.17054193209677	0.9405742575814579
1	0	4.9	0.7052243847470262	1.068022501690853
1	0	4.9	0.235558894554412	1.141458922413068

1	0	5	5.995374217444337	0.08902862235351497
1	0	5	5.958410741729558	0.090158613203702
1	0	5	5.884711682419383	0.0924772958407076
1	0	5	5.774731418721884	0.0961087518920453
1	0	5	5.629148015534905	0.1012571559879032
1	0	5	5.448859042950488	0.1082326569709128
1	0	5	5.234976042436783	0.1174943924231096
1	0	5	4.988817673815271	0.1297215008160172
1	0	5	4.71190158528447	0.145931556355203
1	0	5	4.405935056614114	0.1676791439229309
1	0	5	4.07280447319765	0.1973782826112376
1	0	5	3.714563695859004	0.2387567682659178
1	0	5	3.333421398117614	0.2972283443071346
1	0	5	2.93172744898173	0.3793862464448607
1	0	5	2.511958425224569	0.4903401797812711
1	0	5	2.076702342464958	0.6290430408207537
1	0	5	1.628642699190446	0.7850099670213126
1	0	5	1.17054193209677	0.9391292607333489
1	0	5	0.7052243847470262	1.066358259481811
1	0	5	0.235558894554412	1.139667370345204

1	0	5.100000000000001	5.995374217444337	0.08891274147979665
1	0	5.100000000000001	5.958410741729558	0.09004124288547402
1	0	5.100000000000001	5.884711682419383	0.09235686765029591
1	0	5.100000000000001	5.774731418721884	0.09598353016298787
1	0	5.100000000000001	5.629148015534905	0.1011251290472887
1	0	5.100000000000001	5.448859042950488	0.1080913920104887
1	0	5.100000000000001	5.234976042436783	0.1173408292192594
1	0	5.100000000000001	4.988817673815271	0.1295516426715962
1	0	5.100000000000001	4.71190158528447	0.1457399847522156
1	0	5.100000000000001	4.405935056614114	0.1674582236455676
1	0	5.100000000000001	4.07280447319765	0.1971168229193716
1	0	5.100000000000001	3.714563695859004	0.2384377975279702
1	0	5.100000000000001	3.333421398117614	0.2968258160918469
1	0	5.100000000000001	2.93172744898173	0.3788617435824108
1	0	5.100000000000001	2.511958425224569	0.4896435920515775
1	0	5.100000000000001	2.076702342464958	0.6281224789142356
1	0	5.100000000000001	1.628642699190446	0.783829806905351
1	0	5.100000000000001	1.17054193209677	0.9376874535575809
1	0	5.100000000000001	0.7052243847470262	1.064697725208653
1	0	5.100000000000001	0.235558894554412	1.137879827990864

1	0	5.2	5.995374217444337	0.08879709388950295
1	0	5.2	5.958410741729558	0.08992410885578782
1	0	5.2	5.884711682419383	0.09223668191860415
1	0	5.2	5.774731418721884	0.09585856056666103
1	0	5.2	5.629148015534905	0.10099336797666
1	0	5.2	5.448859042950488	0.1079504115748493
1	0	5.2	5.234976042436783	0.1171875753869338
1	0	5.2	4.988817673815271	0.1293821268433819
1	0	5.2	4.71190158528447	0.1455487994119692
1	0	5.2	4.405935056614114	0.1672377491372994
1	0	5.2	4.07280447319765	0.1968558914764194
1	0	5.2	3.714563695859004	0.2381194728886775
1	0	5.2	3.333421398117614	0.2964241076543501
1	0	5.2	2.93172744898173	0.3783383201706855
1	0	5.2	2.511958425224569	0.4889484617550969
1	0	5.2	2.076702342464958	0.627203881721649
1	0	5.2	1.628642699190446	0.7826522129712306
1	0	5.2	1.17054193209677	0.9362488267511901
1	0	5.2	0.7052243847470262	1.063040887988725
1	0	5.2	0.235558894554412	1.136096283548246

1	0	5.300000000000001	5.995374217444337	0.0886816789399235
1	0	5.300000000000001	5.958410741729558	0.08980721046365411
1	0	5.300000000000001	5.884711682419383	0.09211673797764366
1	0	5.300000000000001	5.774731418721884	0.0957338424084227
1	0	5.300000000000001	5.629148015534905	0.1008618720435284
1	0	5.300000000000001	5.448859042950488	0.1078097148801116
1	0	5.300000000000001	5.234976042436783	0.1170346300737995
1	0	5.300000000000001	4.988817673815271	0.1292129523882867
1	0	5.300000000000001	4.71190158528447	0.1453579992703206
1	0	5.300000000000001	4.405935056614114	0.1670177191700583
1	0	5.300000000000001	4.07280447319765	0.1965954868269749
1	0	5.300000000000001	3.714563695859004	0.2378017925670343
1	0	5.300000000000001	3.333421398117614	0.2960232167304196
1	0	5.300000000000001	2.93172744898173	0.3778159732120586
1	0	5.300000000000001	2.511958425224569	0.4882547848021576
1	0	5.300000000000001	2.076702342464958	0.6262872436521909
1	0	5.300000000000001	1.628642699190446	0.7814771778164515
1	0	5.300000000000001	1.17054193209677	0.9348133710451578
1	0	5.300000000000001	0.7052243847470262	1.061387736979275
1	0	5.300000000000001	0.235558894554412	1.134316725258894

1	0	5.4	5.995374217444337	0.08856649599060451
1	0	5.4	5.958410741729558	0.08969054706036869
1	0	5.4	5.884711682419383	0.09199703516177024
1	0	5.4	5.774731418721884	0.09560937499607096
1	0	5.4	5.629148015534905	0.1007306405179774
1	0	5.4	5.448859042950488	0.1076693011451462
1	0	5.4	5.234976042436783	0.116881992430518
1	0	5.4	4.988817673815271	0.1290441183665354
1	0	5.4	4.71190158528447	0.1451675832668636
1	0	5.4	4.405935056614114	0.1667981325200855
1	0	5.4	4.07280447319765	0.1963356075207383
1	0	5.4	3.714563695859004	0.2374847547882874
1	0	5.4	3.333421398117614	0.2956231410637814
1	0	5.4	2.93172744898173	0.3772946997194532
1	0	5.4	2.511958425224569	0.4875625571175807
1	0	5.4	2.076702342464958	0.6253725591350684
1	0	5.4	1.628642699190446	0.7803046940653118
1	0	5.4	1.17054193209677	0.9333810772042628
1	0	5.4	0.7052243847470262	1.059738261377247
1	0	5.4	0.235558894554412	1.1325411414075

1	0	5.5	5.995374217444337	0.08845154440334088
1	0	5.5	5.958410741729558	0.08957411799950435
1	0	5.5	5.884711682419383	0.09187757280767693
1	0	5.5	5.774731418721884	0.09548515763983093
1	0	5.5	5.629148015534905	0.1005996726726515
1	0	5.5	5.448859042950488	0.1075291695915634
1	0	5.5	5.234976042436783	0.1167296616107286
1	0	5.5	4.988817673815271	0.1288756238416481
1	0	5.5	4.71190158528447	0.1449775503449098
1	0	5.5	4.405935056614114	0.1665789879679159
1	0	5.5	4.07280447319765	0.1960762521124949
1	0	5.5	3.714563695859004	0.2371683577839003
1	0	5.5	3.333421398117614	0.2952238784060762
1	0	5.5	2.93172744898173	0.3767744967163034
1	0	5.5	2.511958425224569	0.4868717746406261
1	0	5.5	2.076702342464958	0.6244598226194324
1	0	5.5	1.628642699190446	0.7791347543687667
1	0	5.5	1.17054193209677	0.931951936026945
1	0	5.5	0.7052243847470262	1.058092450419134
1	0	5.5	0.235558894554412	1.130769520321681

1	0	5.600000000000001	5.995374217444337	0.08833682354216373
1	0	5.600000000000001	5.958410741729558	0.08945792263690051
1	0	5.600000000000001	5.884711682419383	0.09175835025438107
1	0	5.600000000000001	5.774731418721884	0.09536118965234805
1	0	5.600000000000001	5.629148015534905	0.1004689677827455
1	0	5.600000000000001	5.448859042950488	0.1073893194437035
1	0	5.600000000000001	5.234976042436783	0.1165776367710387
1	0	5.600000000000001	4.988817673815271	0.1287074678804299
1	0	5.600000000000001	4.71190158528447	0.1447878994514769
1	0	5.600000000000001	4.405935056614114	0.1663602842983579
1	0	5.600000000000001	4.07280447319765	0.1958174191620924
1	0	5.600000000000001	3.714563695859004	0.2368525997915356
1	0	5.600000000000001	3.333421398117614	0.2948254265168221
1	0	5.600000000000001	2.93172744898173	0.3762553612365019
1	0	5.600000000000001	2.511958425224569	0.4861824333249267
1	0	5.600000000000001	2.076702342464958	0.6235490285742837
1	0	5.600000000000001	1.628642699190446	0.7779673514043338
1	0	5.600000000000001	1.17054193209677	0.9305259383451415
1	0	5.600000000000001	0.7052243847470262	1.05645029338079
1	0	5.600000000000001	0.235558894554412	1.129001850371842

1	0	5.7	5.995374217444337	0.08822233277333349
1	0	5.7	5.958410741729558	0.08934196033065296
1	0	5.7	5.884711682419383	0.09163936684321708
1	0	5.7	5.774731418721884	0.0952374703486747
1	0	5.7	5.629148015534905	0.1003385251259931
1	0	5.7	5.448859042950488	0.1072497499286235
1	0	5.7	5.234976042436783	0.1164259170710105
1	0	5.7	4.988817673815271	0.1285396495529526
1	0	5.7	4.71190158528447	0.1445986295372676
1	0	5.7	4.405935056614114	0.1661420203004718
1	0	5.7	4.07280447319765	0.1955591072344227
1	0	5.7	3.714563695859004	0.236537479055022
1	0	5.7	3.333421398117614	0.2944277831633839
1	0	5.7	2.93172744898173	0.3757372903243644
1	0	5.7	2.511958425224569	0.4854945291384199
1	0	5.7	2.076702342464958	0.6226401714883868
1	0	5.7	1.628642699190446	0.7768024778759727
1	0	5.7	1.17054193209677	0.9291030750241558
1	0	5.7	0.7052243847470262	1.054811779577267
1	0	5.7	0.235558894554412	1.127238119970947

1	0	5.800000000000001	5.995374217444337	0.08810807146532904
1	0	5.800000000000001	5.958410741729558	0.08922623044110541
1	0	5.800000000000001	5.884711682419383	0.09152062191782406
1	0	5.800000000000001	5.774731418721884	0.0951139990462624
1	0	5.800000000000001	5.629148015534905	0.1002083439826571
1	0	5.800000000000001	5.448859042950488	0.1071104602760861
1	0	5.800000000000001	5.234976042436783	0.1162745016731464
1	0	5.800000000000001	4.988817673815271	0.1283721679325444
1	0	5.800000000000001	4.71190158528447	0.1444097395566585
1	0	5.800000000000001	4.405935056614114	0.1659241947675593
1	0	5.800000000000001	4.07280447319765	0.1953013148993938
1	0	5.800000000000001	3.714563695859004	0.2362229938243317
1	0	5.800000000000001	3.333421398117614	0.2940309461209433
1	0	5.800000000000001	2.93172744898173	0.3752202810345748
1	0	5.800000000000001	2.511958425224569	0.4848080580632987
1	0	5.800000000000001	2.076702342464958	0.6217332458701784
1	0	5.800000000000001	1.628642699190446	0.7756401265139555
1	0	5.800000000000001	1.17054193209677	0.9276833369624997
1	0	5.800000000000001	0.7052243847470262	1.053176898362615
1	0	5.800000000000001	0.235558894554412	1.125478317574343

1	0	5.9	5.995374217444337	0.08799403898883831
1	0	5.9	5.958410741729558	0.08911073233083922
1	0	5.9	5.884711682419383	0.09140211482413799
1	0	5.9	5.774731418721884	0.09499077506494871
1	0	5.9	5.629148015534905	0.1000784236355175
1	0	5.9	5.448859042950488	0.1069714497185486
1	0	5.9	5.234976042436783	0.1161233897428801
1	0	5.9	4.988817673815271	0.128205022095773
1	0	5.9	4.71190158528447	0.1442212284676825
1	0	5.9	4.405935056614114	0.1657068064971382
1	0	5.9	4.07280447319765	0.1950440407319167
1	0	5.9	3.714563695859004	0.2359091423555542
1	0	5.9	3.333421398117614	0.2936349131724598
1	0	5.9	2.93172744898173	0.3747043304321505
1	0	5.9	2.511958425224569	0.4841230160959419
1	0	5.9	2.076702342464958	0.6208282462476967
1	0	5.9	1.628642699190446	0.7744802900747737
1	0	5.9	1.17054193209677	0.9262667150917446
1	0	5.9	0.7052243847470262	1.051545639129748
1	0	5.9	0.235558894554412	1.123722431679586

1	0	6	5.995374217444337	0.08788023471674893
1	0	6	5.958410741729558	0.08899546536466291
1	0	6	5.884711682419383	0.09128384491038073
1	0	6	5.774731418721884	0.09486779772695017
1	0	6	5.629148015534905	0.09994876336986111
1	0	6	5.448859042950488	0.1068327174911504
1	0	6	5.234976042436783	0.1159725804485608
1	0	6	4.988817673815271	0.1280382111224333
1	0	6	4.71190158528447	0.1440330952320127
1	0	6	4.405935056614114	0.1654898542909274
1	0	6	4.07280447319765	0.1947872833118763
1	0	6	3.714563695859004	0.2355959229108655
1	0	6	3.333421398117614	0.2932396821086404
1	0	6	2.93172744898173	0.3741894355923917
1	0	6	2.511958425224569	0.4834393992468554
1	0	6	2.076702342464958	0.6199251671684815
1	0	6	1.628642699190446	0.7733229613410085
1	0	6	1.17054193209677	0.9248532003763944
1	0	6	0.7052243847470262	1.049917991310255
1	0	6	0.235558894554412	1.121970450826246

1	0	6.100000000000001	5.995374217444337	0.08776665802413931
1	0	6.100000000000001	5.958410741729558	0.08888042890960457
1	0	6.100000000000001	5.884711682419383	0.09116581152705139
1	0	6.100000000000001	5.774731418721884	0.09474506635684919
1	0	6.100000000000001	5.629148015534905	0.09981936247347144
1	0	6.100000000000001	5.448859042950488	0.1066942628317027
1	0	6.100000000000001	5.234976042436783	0.1158220729614429
1	0	6.100000000000001	4.988817673815271	0.1278717340955354
1	0	6.100000000000001	4.71190158528447	0.1438453388149484
1	0	6.100000000000001	4.405935056614114	0.1652733369548313
1	0	6.100000000000001	4.07280447319765	0.1945310412241181
1	0	6.100000000000001	3.714563695859004	0.2352833337585108
1	0	6.100000000000001	3.333421398117614	0.2928452507279057
1	0	6.100000000000001	2.93172744898173	0.3736755936008407
1	0	6.100000000000001	2.511958425224569	0.4827572035406114
1	0	6.100000000000001	2.076702342464958	0.6190240031995037
1	0	6.100000000000001	1.628642699190446	0.7721681331212246
1	0	6.100000000000001	1.17054193209677	0.923442783813727
1	0	6.100000000000001	0.7052243847470262	1.048293944374218
1	0	6.100000000000001	0.235558894554412	1.120222363595708

1	0	6.2	5.995374217444337	0.08765330828826916
1	0	6.2	5.958410741729558	0.08876562233490171
1	0	6.2	5.884711682419383	0.09104801402691536
1	0	6.2	5.774731418721884	0.09462258028158717
1	0	6.2	5.629148015534905	0.09969022023661778
1	0	6.2	5.448859042950488	0.1065560849806766
1	0	6.2	5.234976042436783	0.1156718664556722
1	0	6.2	4.988817673815271	0.1277055901012868
1	0	6.2	4.71190158528447	0.1436579581853984
1	0	6.2	4.405935056614114	0.1650572532989174
1	0	6.2	4.07280447319765	0.1942753130584193
1	0	6.2	3.714563695859004	0.2349713731727708
1	0	6.2	3.333421398117614	0.2924516168363586
1	0	6.2	2.93172744898173	0.3731628015532398
1	0	6.2	2.511958425224569	0.4820764250157941
1	0	6.2	2.076702342464958	0.6181247489270771
1	0	6.2	1.628642699190446	0.7710157982498579
1	0	6.2	1.17054193209677	0.9220354564336541
1	0	6.2	0.7052243847470262	1.046673487830069
1	0	6.2	0.235558894554412	1.118478158611016

1	0	6.300000000000001	5.995374217444337	0.08754018488856961
1	0	6.300000000000001	5.958410741729558	0.08865104501199085
1	0	6.300000000000001	5.884711682419383	0.09093045176499544
1	0	6.300000000000001	5.774731418721884	0.09450033883045138
1	0	6.300000000000001	5.629148015534905	0.09956133595204372
1	0	6.300000000000001	5.448859042950488	0.106418183181192
1	0	6.300000000000001	5.234976042436783	0.1155219601082749
1	0	6.300000000000001	4.988817673815271	0.1275397782290828
1	0	6.300000000000001	4.71190158528447	0.1434709523158665
1	0	6.300000000000001	4.405935056614114	0.1648416021374011
1	0	6.300000000000001	4.07280447319765	0.1940200974094722
1	0	6.300000000000001	3.714563695859004	0.23466003943394
1	0	6.300000000000001	3.333421398117614	0.2920587782477487
1	0	6.300000000000001	2.93172744898173	0.3726510565554824
1	0	6.300000000000001	2.511958425224569	0.4813970597249271
1	0	6.300000000000001	2.076702342464958	0.6172273989567623
1	0	6.300000000000001	1.628642699190446	0.7698659495870904
1	0	6.300000000000001	1.17054193209677	0.9206312092985799
1	0	6.300000000000001	0.7052243847470262	1.045056611224402
1	0	6.300000000000001	0.235558894554412	1.116737824536668

1	0	6.4	5.995374217444337	0.08742728720663452
1	0	6.4	5.958410741729558	0.08853669631450002
1	0	6.4	5.884711682419383	0.09081312409856224
1	0	6.4	5.774731418721884	0.09437834133506681
1	0	6.4	5.629148015534905	0.09943270891495816
1	0	6.4	5.448859042950488	0.1062805566790058
1	0	6.4	5.234976042436783	0.1153723530991438
1	0	6.4	4.988817673815271	0.1273742975714906
1	0	6.4	4.71190158528447	0.1432843201824363
1	0	6.4	4.405935056614114	0.1646263822886292
1	0	6.4	4.07280447319765	0.1937653928768648
1	0	6.4	3.714563695859004	0.2343493308283005
1	0	6.4	3.333421398117614	0.2916667327834433
1	0	6.4	2.93172744898173	0.3721403557235766
1	0	6.4	2.511958425224569	0.4807191037344286
1	0	6.4	2.076702342464958	0.6163319479133039
1	0	6.4	1.628642699190446	0.7687185800187623
1	0	6.4	1.17054193209677	0.9192300335032579
1	0	6.4	0.7052243847470262	1.043443304141827
1	0	6.4	0.235558894554412	1.11500135007845

1	0	6.5	5.995374217444337	0.0873146146262116
1	0	6.5	5.958410741729558	0.08842257561823737
1	0	6.5	5.884711682419383	0.09069603038712394
1	0	6.5	5.774731418721884	0.09425658712938657
1	0	6.5	5.629148015534905	0.09930433842302393
1	0	6.5	5.448859042950488	0.1061432047225016
1	0	6.5	5.234976042436783	0.1152230446110283
1	0	6.5	4.988817673815271	0.1272091472242365
1	0	6.5	4.71190158528447	0.1430980607647545
1	0	6.5	4.405935056614114	0.1644115925750591
1	0	6.5	4.07280447319765	0.1935111980650548
1	0	6.5	3.714563695859004	0.2340392456480956
1	0	6.5	3.333421398117614	0.2912754782723933
1	0	6.5	2.93172744898173	0.3716306961835958
1	0	6.5	2.511958425224569	0.480042553124542
1	0	6.5	2.076702342464958	0.6154383904405393
1	0	6.5	1.628642699190446	0.7675736824562379
1	0	6.5	1.17054193209677	0.9178319201746546
1	0	6.5	0.7052243847470262	1.041833556204768
1	0	6.5	0.235558894554412	1.113268723983251

1	0	6.600000000000001	5.995374217444337	0.0872021665331927
1	0	6.600000000000001	5.958410741729558	0.08830868230118399
1	0	6.600000000000001	5.884711682419383	0.09057916999241847
1	0	6.600000000000001	5.774731418721884	0.09413507554968051
1	0	6.600000000000001	5.629148015534905	0.09917622377634755
1	0	6.600000000000001	5.448859042950488	0.1060061265626776
1	0	6.600000000000001	5.234976042436783	0.1150740338295202
1	0	6.600000000000001	4.988817673815271	0.1270443262861927
1	0	6.600000000000001	4.71190158528447	0.1429121730460173
1	0	6.600000000000001	4.405935056614114	0.1641972318232456
1	0	6.600000000000001	4.07280447319765	0.1932575115833549
1	0	6.600000000000001	3.714563695859004	0.2337297821915063
1	0	6.600000000000001	3.333421398117614	0.2908850125511029
1	0	6.600000000000001	2.93172744898173	0.371122075071642
1	0	6.600000000000001	2.511958425224569	0.4793674039892785
1	0	6.600000000000001	2.076702342464958	0.6145467212013122
1	0	6.600000000000001	1.628642699190446	0.7664312498363076
1	0	6.600000000000001	1.17054193209677	0.9164368604717996
1	0	6.600000000000001	0.7052243847470262	1.04022735707334
1	0	6.600000000000001	0.235558894554412	1.111539935038869

1	0	6.7	5.995374217444337	0.08708994231560455
1	0	6.7	5.958410741729558	0.08819501574348274
1	0	6.7	5.884711682419383	0.09046254227840186
1	0	6.7	5.774731418721884	0.09401380593452613
1	0	6.7	5.629148015534905	0.09904836427746899
1	0	6.7	5.448859042950488	0.1058693214531362
1	0	6.7	5.234976042436783	0.1149253199430429
1	0	6.7	4.988817673815271	0.1268798338593645
1	0	6.7	4.71190158528447	0.1427266560129566
1	0	6.7	4.405935056614114	0.1639832988638196
1	0	6.7	4.07280447319765	0.1930043320459061
1	0	6.7	3.714563695859004	0.2334209387626252
1	0	6.7	3.333421398117614	0.2904953334635966
1	0	6.7	2.93172744898173	0.3706144895337991
1	0	6.7	2.511958425224569	0.4786936524363651
1	0	6.7	2.076702342464958	0.6136569348773964
1	0	6.7	1.628642699190446	0.76529127512108
1	0	6.7	1.17054193209677	0.9150448455856549
1	0	6.7	0.7052243847470262	1.038624696445155
1	0	6.7	0.235558894554412	1.109814972073849

1	0	6.800000000000001	5.995374217444337	0.08697794136360075
1	0	6.800000000000001	5.958410741729558	0.08808157532743113
1	0	6.800000000000001	5.884711682419383	0.09034614661124052
1	0	6.800000000000001	5.774731418721884	0.09389277762479936
1	0	6.800000000000001	5.629148015534905	0.09892075923135105
1	0	6.800000000000001	5.448859042950488	0.1057327886500731
1	0	6.800000000000001	5.234976042436783	0.1147769021428392
1	0	6.800000000000001	4.988817673815271	0.1267156690488752
1	0	6.800000000000001	4.71190158528447	0.1425415086558201
1	0	6.800000000000001	4.405935056614114	0.1637697925314731
1	0	6.800000000000001	4.07280447319765	0.1927516580716643
1	0	6.800000000000001	3.714563695859004	0.2331127136714307
1	0	6.800000000000001	3.333421398117614	0.2901064388613803
1	0	6.800000000000001	2.93172744898173	0.3701079367260944
1	0	6.800000000000001	2.511958425224569	0.4780212945871752
1	0	6.800000000000001	2.076702342464958	0.612769026169415
1	0	6.800000000000001	1.628642699190446	0.7641537512978509
1	0	6.800000000000001	1.17054193209677	0.913655866738974
1	0	6.800000000000001	0.7052243847470262	1.037025564055165
1	0	6.800000000000001	0.235558894554412	1.108093823957309

1	0	6.9	5.995374217444337	0.0868661630694519
1	0	6.9	5.958410741729558	0.08796836043747042
1	0	6.9	5.884711682419383	0.09022998235930194
1	0	6.9	5.774731418721884	0.09377198996366422
1	0	6.9	5.629148015534905	0.09879340794537014
1	0	6.9	5.448859042950488	0.1055965274122653
1	0	6.9	5.234976042436783	0.1146287796229584
1	0	6.9	4.988817673815271	0.1265518309629544
1	0	6.9	4.71190158528447	0.1423567299683643
1	0	6.9	4.405935056614114	0.1635567116649425
1	0	6.9	4.07280447319765	0.1924994882843733
1	0	6.9	3.714563695859004	0.2328051052337651
1	0	6.9	3.333421398117614	0.2897183266034254
1	0	6.9	2.93172744898173	0.3696024138144499
1	0	6.9	2.511958425224569	0.4773503265766811
1	0	6.9	2.076702342464958	0.6118829897967535
1	0	6.9	1.628642699190446	0.7630186713790287
1	0	6.9	1.17054193209677	0.9122699151861633
1	0	6.9	0.7052243847470262	1.035429949675513
1	0	6.9	0.235558894554412	1.106376479598741

1	0	7	5.995374217444337	0.08675460682753652
1	0	7	5.958410741729558	0.08785537046017781
1	0	7	5.884711682419383	0.0901140488931428
1	0	7	5.774731418721884	0.09365144229656301
1	0	7	5.629148015534905	0.09866630972930424
1	0	7	5.448859042950488	0.1054605370010619
1	0	7	5.234976042436783	0.1144809515802467
1	0	7	4.988817673815271	0.1263883187129256
1	0	7	4.71190158528447	0.1421723189478307
1	0	7	4.405935056614114	0.1633440551069891
1	0	7	4.07280447319765	0.19224782131255
1	0	7	3.714563695859004	0.2324981117713058
1	0	7	3.333421398117614	0.289330994556124
1	0	7	2.93172744898173	0.3690979179746482
1	0	7	2.511958425224569	0.4766807445533905
1	0	7	2.076702342464958	0.6109988204974948
1	0	7	1.628642699190446	0.7618860284020001
1	0	7	1.17054193209677	0.9108869822131417
1	0	7	0.7052243847470262	1.033837843115348
1	0	7	0.235558894554412	1.104662927947857

1	0	7.100000000000001	5.995374217444337	0.08664327203433325
1	0	7.100000000000001	5.958410741729558	0.087742604784256
1	0	7.100000000000001	5.884711682419383	0.08999834558550379
1	0	7.100000000000001	5.774731418721884	0.09353113397120692
1	0	7.100000000000001	5.629148015534905	0.09853946389532439
1	0	7.100000000000001	5.448859042950488	0.105324816680371
1	0	7.100000000000001	5.234976042436783	0.1143334172143317
1	0	7.100000000000001	4.988817673815271	0.1262251314131905
1	0	7.100000000000001	4.71190158528447	0.1419882745949375
1	0	7.100000000000001	4.405935056614114	0.1631318217043828
1	0	7.100000000000001	4.07280447319765	0.1919966557894597
1	0	7.100000000000001	3.714563695859004	0.2321917316115438
1	0	7.100000000000001	3.333421398117614	0.2889444405932613
1	0	7.100000000000001	2.93172744898173	0.3685944463922855
1	0	7.100000000000001	2.511958425224569	0.4760125446792913
1	0	7.100000000000001	2.076702342464958	0.6101165130283132
1	0	7.100000000000001	1.628642699190446	0.7607558154290266
1	0	7.100000000000001	1.17054193209677	0.9095070591372028
1	0	7.100000000000001	0.7052243847470262	1.032249234220683
1	0	7.100000000000001	0.235558894554412	1.102953157994401

1	0	7.2	5.995374217444337	0.08653215808841061
1	0	7.2	5.958410741729558	0.08763006280052672
1	0	7.2	5.884711682419383	0.08988287181129762
1	0	7.2	5.774731418721884	0.09341106433756759
1	0	7.2	5.629148015534905	0.09841286975798381
1	0	7.2	5.448859042950488	0.1051893657166515
1	0	7.2	5.234976042436783	0.1141861757276159
1	0	7.2	4.988817673815271	0.1260622681812192
1	0	7.2	4.71190158528447	0.141804595913865
1	0	7.2	4.405935056614114	0.1629200103078885
1	0	7.2	4.07280447319765	0.1917459903530974
1	0	7.2	3.714563695859004	0.231885963087757
1	0	7.2	3.333421398117614	0.2885586625959862
1	0	7.2	2.93172744898173	0.3680919962627337
1	0	7.2	2.511958425224569	0.4753457231297908
1	0	7.2	2.076702342464958	0.6092360621644216
1	0	7.2	1.628642699190446	0.7596280255471479
1	0	7.2	1.17054193209677	0.9081301373068918
1	0	7.2	0.7052243847470262	1.030664112874218
1	0	7.2	0.235558894554412	1.101247158767965

1	0	7.300000000000001	5.995374217444337	0.08642126439041914
1	0	7.300000000000001	5.958410741729558	0.08751774390191903
1	0	7.300000000000001	5.884711682419383	0.08976762694759993
1	0	7.300000000000001	5.774731418721884	0.09329123274786501
1	0	7.300000000000001	5.629148015534905	0.09828652663420867
1	0	7.300000000000001	5.448859042950488	0.1050541833789001
1	0	7.300000000000001	5.234976042436783	0.1140392263252597
1	0	7.300000000000001	4.988817673815271	0.1258997281375345
1	0	7.300000000000001	4.71190158528447	0.1416212819122347
1	0	7.300000000000001	4.405935056614114	0.1627086197722452
1	0	7.300000000000001	4.07280447319765	0.1914958236461734
1	0	7.300000000000001	3.714563695859004	0.2315808045389879
1	0	7.300000000000001	3.333421398117614	0.2881736584527795
1	0	7.300000000000001	2.93172744898173	0.3675905647910979
1	0	7.300000000000001	2.511958425224569	0.4746802760936625
1	0	7.300000000000001	2.076702342464958	0.6083574626994811
1	0	7.300000000000001	1.628642699190446	0.7585026518680644
1	0	7.300000000000001	1.17054193209677	0.9067562081018505
1	0	7.300000000000001	0.7052243847470262	1.029082468995209
1	0	7.300000000000001	0.235558894554412	1.099544919337861

1	0	7.4	5.995374217444337	0.08631059034308203
1	0	7.4	5.958410741729558	0.08740564748346104
1	0	7.4	5.884711682419383	0.08965261037364211
1	0	7.4	5.774731418721884	0.09317163855656044
1	0	7.4	5.629148015534905	0.0981604338432864
1	0	7.4	5.448859042950488	0.1049192689386418
1	0	7.4	5.234976042436783	0.1138925682151729
1	0	7.4	4.988817673815271	0.1257375104057013
1	0	7.4	4.71190158528447	0.1414383316011035
1	0	7.4	4.405935056614114	0.16249764895615
1	0	7.4	4.07280447319765	0.1912461543160833
1	0	7.4	3.714563695859004	0.2312762543100184
1	0	7.4	3.333421398117614	0.2877894260594214
1	0	7.4	2.93172744898173	0.3670901491921729
1	0	7.4	2.511958425224569	0.4740161997729916
1	0	7.4	2.076702342464958	0.6074807094455149
1	0	7.4	1.628642699190446	0.7573796875280357
1	0	7.4	1.17054193209677	0.9053852629326962
1	0	7.4	0.7052243847470262	1.027504292539271
1	0	7.4	0.235558894554412	1.097846428812882

1	0	7.5	5.995374217444337	0.08620013535118679
1	0	7.5	5.958410741729558	0.08729377294227327
1	0	7.5	5.884711682419383	0.08953782147079913
1	0	7.5	5.774731418721884	0.09305228112034551
1	0	7.5	5.629148015534905	0.09803459070685792
1	0	7.5	5.448859042950488	0.1047846216699185
1	0	7.5	5.234976042436783	0.113746200608002
1	0	7.5	4.988817673815271	0.1255756141123113
1	0	7.5	4.71190158528447	0.1412557439949408
1	0	7.5	4.405935056614114	0.1622870967222431
1	0	7.5	4.07280447319765	0.1909969810148956
1	0	7.5	3.714563695859004	0.2309723107513445
1	0	7.5	3.333421398117614	0.287405963318963
1	0	7.5	2.93172744898173	0.366590746690404
1	0	7.5	2.511958425224569	0.4733534903831093
1	0	7.5	2.076702342464958	0.6066057972328407
1	0	7.5	1.628642699190446	0.7562591256877752
1	0	7.5	1.17054193209677	0.9040172932408849
1	0	7.5	0.7052243847470262	1.025929573498245
1	0	7.5	0.235558894554412	1.096151676341186

1	0	7.600000000000001	5.995374217444337	0.08608989882157689
1	0	7.600000000000001	5.958410741729558	0.08718211967755732
1	0	7.600000000000001	5.884711682419383	0.08942325962258364
1	0	7.600000000000001	5.774731418721884	0.09293315979813316
1	0	7.600000000000001	5.629148015534905	0.09790899654890589
1	0	7.600000000000001	5.448859042950488	0.1046502408492795
1	0	7.600000000000001	5.234976042436783	0.1136001227171199
1	0	7.600000000000001	4.988817673815271	0.1254140383869729
1	0	7.600000000000001	4.71190158528447	0.1410735181116209
1	0	7.600000000000001	4.405935056614114	0.162076961937091
1	0	7.600000000000001	4.07280447319765	0.1907483023993306
1	0	7.600000000000001	3.714563695859004	0.2306689722191544
1	0	7.600000000000001	3.333421398117614	0.2870232681416949
1	0	7.600000000000001	2.93172744898173	0.3660923545198507
1	0	7.600000000000001	2.511958425224569	0.4726921441525473
1	0	7.600000000000001	2.076702342464958	0.6057327209099862
1	0	7.600000000000001	1.628642699190446	0.7551409595323362
1	0	7.600000000000001	1.17054193209677	0.9026522904985742
1	0	7.600000000000001	0.7052243847470262	1.02435830190004
1	0	7.600000000000001	0.235558894554412	1.094460651110094

1	0	7.7	5.995374217444337	0.08597988016314199
1	0	7.7	5.958410741729558	0.08707068709058811
1	0	7.7	5.884711682419383	0.08930892421463477
1	0	7.7	5.774731418721884	0.09281427395105005
1	0	7.7	5.629148015534905	0.09778365069574577
1	0	7.7	5.448859042950488	0.1045161257557704
1	0	7.7	5.234976042436783	0.1134543337586124
1	0	7.7	4.988817673815271	0.1252527823622963
1	0	7.7	4.71190158528447	0.1408916529724047
1	0	7.7	4.405935056614114	0.161867243471168
1	0	7.7	4.07280447319765	0.1905001171307404
1	0	7.7	3.714563695859004	0.230366237075304
1	0	7.7	3.333421398117614	0.286641338445114
1	0	7.7	2.93172744898173	0.3655949699241375
1	0	7.7	2.511958425224569	0.4720321573229804
1	0	7.7	2.076702342464958	0.6048614753436189
1	0	7.7	1.628642699190446	0.754025182271024
1	0	7.7	1.17054193209677	0.9012902462084984
1	0	7.7	0.7052243847470262	1.022790467808462
1	0	7.7	0.235558894554412	1.092773342345929

1	0	7.800000000000001	5.995374217444337	0.08587007878681023
1	0	7.800000000000001	5.958410741729558	0.08695947458470485
1	0	7.800000000000001	5.884711682419383	0.08919481463471154
1	0	7.800000000000001	5.774731418721884	0.09269562294242401
1	0	7.800000000000001	5.629148015534905	0.09765855247601649
1	0	7.800000000000001	5.448859042950488	0.1043822756709219
1	0	7.800000000000001	5.234976042436783	0.113308832951269
1	0	7.800000000000001	4.988817673815271	0.1250918451738836
1	0	7.800000000000001	4.71190158528447	0.1407101476019277
1	0	7.800000000000001	4.405935056614114	0.1616579401988413
1	0	7.800000000000001	4.07280447319765	0.1902524238750894
1	0	7.800000000000001	3.714563695859004	0.2300641036872906
1	0	7.800000000000001	3.333421398117614	0.2862601721539006
1	0	7.800000000000001	2.93172744898173	0.3650985901564241
1	0	7.800000000000001	2.511958425224569	0.4713735261491598
1	0	7.800000000000001	2.076702342464958	0.6039920554184641
1	0	7.800000000000001	1.628642699190446	0.7529117871372831
1	0	7.800000000000001	1.17054193209677	0.8999311519038237
1	0	7.800000000000001	0.7052243847470262	1.021226061323079
1	0	7.800000000000001	0.235558894554412	1.091089739313851

1	0	7.9	5.995374217444337	0.08576049410553988
1	0	7.9	5.958410741729558	0.0868484815653027
1	0	7.9	5.884711682419383	0.08908093027268077
1	0	7.9	5.774731418721884	0.09257720613777699
1	0	7.9	5.629148015534905	0.0975337012206695
1	0	7.9	5.448859042950488	0.1042486898787404
1	0	7.9	5.234976042436783	0.1131636195165698
1	0	7.9	4.988817673815271	0.1249312259603124
1	0	7.9	4.71190158528447	0.1405290010281842
1	0	7.9	4.405935056614114	0.1614490509983553
1	0	7.9	4.07280447319765	0.1900052213029344
1	0	7.9	3.714563695859004	0.2297625704282335
1	0	7.9	3.333421398117614	0.2858797671998818
1	0	7.9	2.93172744898173	0.3646032124793549
1	0	7.9	2.511958425224569	0.4707162468988722
1	0	7.9	2.076702342464958	0.603124456037222
1	0	7.9	1.628642699190446	0.7518007673885816
1	0	7.9	1.17054193209677	0.898574999148033
1	0	7.9	0.7052243847470262	1.019665072579045
1	0	7.9	0.235558894554412	1.089409831317686

1	0	8	5.995374217444337	0.08565112553430988
1	0	8	5.958410741729558	0.08673770743982462
1	0	8	5.884711682419383	0.08896727052051022
1	0	8	5.774731418721884	0.09245902290481613
1	0	8	5.629148015534905	0.09740909626295885
1	0	8	5.448859042950488	0.1041153676656967
1	0	8	5.234976042436783	0.1130186926786745
1	0	8	4.988817673815271	0.1247709238631268
1	0	8	4.71190158528447	0.140348212282514
1	0	8	4.405935056614114	0.1612405747518134
1	0	8	4.07280447319765	0.1897585080894054
1	0	8	3.714563695859004	0.2294616356768474
1	0	8	3.333421398117614	0.2855001215220004
1	0	8	2.93172744898173	0.3641088341650252
1	0	8	2.511958425224569	0.4700603158528794
1	0	8	2.076702342464958	0.6022586721205068
1	0	8	1.628642699190446	0.7506921163063335
1	0	8	1.17054193209677	0.8972217795347793
1	0	8	0.7052243847470262	1.018107491746971
1	0	8	0.235558894554412	1.087733607699749

1	0	8.1	5.995374217444337	0.08554197249011175
1	0	8.1	5.958410741729558	0.08662715161775165
1	0	8.1	5.884711682419383	0.08885383477226057
1	0	8.1	5.774731418721884	0.09234107261342284
1	0	8.1	5.629148015534905	0.09728473693843447
1	0	8.1	5.448859042950488	0.1039823083207175
1	0	8.1	5.234976042436783	0.1128740516644133
1	0	8.1	4.988817673815271	0.1246109380268235
1	0	8.1	4.71190158528447	0.1401677803995881
1	0	8.1	4.405935056614114	0.1610325103451644
1	0	8.1	4.07280447319765	0.189512282914189
1	0	8.1	3.714563695859004	0.2291612978174202
1	0	8.1	3.333421398117614	0.2851212330662921
1	0	8.1	2.93172744898173	0.3636154524949452
1	0	8.1	2.511958425224569	0.4694057293048601
1	0	8.1	2.076702342464958	0.601394698606754
1	0	8.1	1.628642699190446	0.7495858271957757
1	0	8.1	1.17054193209677	0.8958714846877701
1	0	8.1	0.7052243847470262	1.016553309032737
1	0	8.1	0.235558894554412	1.086061057840706

1	0	8.200000000000001	5.995374217444337	0.08543303439194246
1	0	8.200000000000001	5.958410741729558	0.08651681351059515
1	0	8.200000000000001	5.884711682419383	0.08874062242407502
1	0	8.200000000000001	5.774731418721884	0.0922233546356454
1	0	8.200000000000001	5.629148015534905	0.0971606225849287
1	0	8.200000000000001	5.448859042950488	0.1038495111351722
1	0	8.200000000000001	5.234976042436783	0.1127296957032718
1	0	8.200000000000001	4.988817673815271	0.124451267598839
1	0	8.200000000000001	4.71190158528447	0.1399877044173947
1	0	8.200000000000001	4.405935056614114	0.1608248566681831
1	0	8.200000000000001	4.07280447319765	0.1892665444615048
1	0	8.200000000000001	3.714563695859004	0.2288615552397885
1	0	8.200000000000001	3.333421398117614	0.2847430997858489
1	0	8.200000000000001	2.93172744898173	0.3631230647599891
1	0	8.200000000000001	2.511958425224569	0.4687524835613611
1	0	8.200000000000001	2.076702342464958	0.6005325304521556
1	0	8.200000000000001	1.628642699190446	0.7484818933858721
1	0	8.200000000000001	1.17054193209677	0.8945241062606264
1	0	8.200000000000001	0.7052243847470262	1.015002514677381
1	0	8.200000000000001	0.235558894554412	1.084392171159358

1	0	8.300000000000001	5.995374217444337	0.08532431066079352
1	0	8.300000000000001	5.958410741729558	0.08640669253188757
1	0	8.300000000000001	5.884711682419383	0.08862763287417041
1	0	8.300000000000001	5.774731418721884	0.09210586834568854
1	0	8.300000000000001	5.629148015534905	0.09703675254254883
1	0	8.300000000000001	5.448859042950488	0.1037169754028653
1	0	8.300000000000001	5.234976042436783	0.1125856240273845
1	0	8.300000000000001	4.988817673815271	0.1242919117295383
1	0	8.300000000000001	4.71190158528447	0.1398079833772274
1	0	8.300000000000001	4.405935056614114	0.1606176126144577
1	0	8.300000000000001	4.07280447319765	0.1890212914200923
1	0	8.300000000000001	3.714563695859004	0.2285624063393162
1	0	8.300000000000001	3.333421398117614	0.2843657196407954
1	0	8.300000000000001	2.93172744898173	0.3626316682603662
1	0	8.300000000000001	2.511958425224569	0.468100574941741
1	0	8.300000000000001	2.076702342464958	0.5996721626305787
1	0	8.300000000000001	1.628642699190446	0.7473803082292203
1	0	8.300000000000001	1.17054193209677	0.8931796359367575
1	0	8.300000000000001	0.7052243847470262	1.013455098956905
1	0	8.300000000000001	0.235558894554412	1.08272693711254

1	0	8.4	5.995374217444337	0.08521580071964534
1	0	8.4	5.958410741729558	0.08629678809717529
1	0	8.4	5.884711682419383	0.08851486552283079
1	0	8.4	5.774731418721884	0.09198861311990614
1	0	8.4	5.629148015534905	0.09691312615366718
1	0	8.4	5.448859042950488	0.1035847004200249
1	0	8.4	5.234976042436783	0.1124418358715188
1	0	8.4	4.988817673815271	0.1241328695722028
1	0	8.4	4.71190158528447	0.1396286163236677
1	0	8.4	4.405935056614114	0.1604107770813718
1	0	8.4	4.07280447319765	0.1887765224831847
1	0	8.4	3.714563695859004	0.2282638495168713
1	0	8.4	3.333421398117614	0.2839890905982544
1	0	8.4	2.93172744898173	0.362141260305578
1	0	8.4	2.511958425224569	0.4674499997781135
1	0	8.4	2.076702342464958	0.5988135901334989
1	0	8.4	1.628642699190446	0.7462810651019306
1	0	8.4	1.17054193209677	0.8918380654292433
1	0	8.4	0.7052243847470262	1.011911052182171
1	0	8.4	0.235558894554412	1.081065345194897

1	0	8.5	5.995374217444337	0.0851075039934558
1	0	8.5	5.958410741729558	0.08618709962400926
1	0	8.5	5.884711682419383	0.088402319772396
1	0	8.5	5.774731418721884	0.09187158833679014
1	0	8.5	5.629148015534905	0.09678974276291215
1	0	8.5	5.448859042950488	0.1034526854852931
1	0	8.5	5.234976042436783	0.1122983304730684
1	0	8.5	4.988817673815271	0.1239741402830161
1	0	8.5	4.71190158528447	0.1394496023045727
1	0	8.5	4.405935056614114	0.1602043489700888
1	0	8.5	4.07280447319765	0.1885322363484973
1	0	8.5	3.714563695859004	0.2279658831787987
1	0	8.5	3.333421398117614	0.2836132106323199
1	0	8.5	2.93172744898173	0.36165183821438
1	0	8.5	2.511958425224569	0.4668007544152976
1	0	8.5	2.076702342464958	0.5979568079699108
1	0	8.5	1.628642699190446	0.7451841574035482
1	0	8.5	1.17054193209677	0.8904993864806836
1	0	8.5	0.7052243847470262	1.010370364698705
1	0	8.5	0.235558894554412	1.079407384938759

1	0	8.6	5.995374217444337	0.08499941990915558
1	0	8.6	5.958410741729558	0.08607762653193668
1	0	8.6	5.884711682419383	0.08828999502725504
1	0	8.6	5.774731418721884	0.09175479337696306
1	0	8.6	5.629148015534905	0.09666660171715792
1	0	8.6	5.448859042950488	0.1033209298997153
1	0	8.6	5.234976042436783	0.1121551070720396
1	0	8.6	4.988817673815271	0.1238157230210545
1	0	8.6	4.71190158528447	0.1392709403710636
1	0	8.6	4.405935056614114	0.1599983271855356
1	0	8.6	4.07280447319765	0.1882884317182043
1	0	8.6	3.714563695859004	0.2276685057369054
1	0	8.6	3.333421398117614	0.2832380777240294
1	0	8.6	2.93172744898173	0.3611633993147426
1	0	8.6	2.511958425224569	0.4661528352107622
1	0	8.6	2.076702342464958	0.5971018111662747
1	0	8.6	1.628642699190446	0.744089578556941
1	0	8.6	1.17054193209677	0.8891635908630956
1	0	8.6	0.7052243847470262	1.008833026886567
1	0	8.6	0.235558894554412	1.077753045913975

1	0	8.700000000000001	5.995374217444337	0.08489154789563655
1	0	8.700000000000001	5.958410741729558	0.0859683682424924
1	0	8.700000000000001	5.884711682419383	0.08817789069383615
1	0	8.700000000000001	5.774731418721884	0.09163822762316863
1	0	8.700000000000001	5.629148015534905	0.09654370236551575
1	0	8.700000000000001	5.448859042950488	0.1031894329667307
1	0	8.700000000000001	5.234976042436783	0.1120121649110413
1	0	8.700000000000001	4.988817673815271	0.1236576169482735
1	0	8.700000000000001	4.71190158528447	0.1390926295775084
1	0	8.700000000000001	4.405935056614114	0.1597927106363901
1	0	8.700000000000001	4.07280447319765	0.1880451072989217
1	0	8.700000000000001	3.714563695859004	0.2273717156084283
1	0	8.700000000000001	3.333421398117614	0.2828636898613329
1	0	8.700000000000001	2.93172744898173	0.3606759409438127
1	0	8.700000000000001	2.511958425224569	0.4655062385345779
1	0	8.700000000000001	2.076702342464958	0.59624859476642
1	0	8.700000000000001	1.628642699190446	0.7429973220082033
1	0	8.700000000000001	1.17054193209677	0.8878306703777812
1	0	8.700000000000001	0.7052243847470262	1.00729902916022
1	0	8.700000000000001	0.235558894554412	1.07610231772772

1	0	8.800000000000001	5.995374217444337	0.08478388738374704
1	0	8.800000000000001	5.958410741729558	0.08585932417919151
1	0	8.800000000000001	5.884711682419383	0.08806600618059972
1	0	8.800000000000001	5.774731418721884	0.09152189046026338
1	0	8.800000000000001	5.629148015534905	0.09642104405932404
1	0	8.800000000000001	5.448859042950488	0.1030581939921626
1	0	8.800000000000001	5.234976042436783	0.1118695032352752
1	0	8.800000000000001	4.988817673815271	0.1234998212294954
1	0	8.800000000000001	4.71190158528447	0.1389146689815126
1	0	8.800000000000001	4.405935056614114	0.1595874982350613
1	0	8.800000000000001	4.07280447319765	0.187802261801688
1	0	8.800000000000001	3.714563695859004	0.2270755112160212
1	0	8.800000000000001	3.333421398117614	0.2824900450390618
1	0	8.800000000000001	2.93172744898173	0.3601894604478721
1	0	8.800000000000001	2.511958425224569	0.4648609607693537
1	0	8.800000000000001	2.076702342464958	0.5953971538314947
1	0	8.800000000000001	1.628642699190446	0.7419073812265522
1	0	8.800000000000001	1.17054193209677	0.8865006168551828
1	0	8.800000000000001	0.7052243847470262	1.005768361968352
1	0	8.800000000000001	0.235558894554412	1.074455190024378

1	0	8.9	5.995374217444337	0.08467643780627986
1	0	8.9	5.958410741729558	0.08575049376752057
1	0	8.9	5.884711682419383	0.08795434089802937
1	0	8.9	5.774731418721884	0.09140578127520713
1	0	8.9	5.629148015534905	0.09629862615213944
1	0	8.9	5.448859042950488	0.1029272122842075
1	0	8.9	5.234976042436783	0.1117271212925221
1	0	8.9	4.988817673815271	0.1233423350323994
1	0	8.9	4.71190158528447	0.1387370576439008
1	0	8.9	4.405935056614114	0.1593826888976749
1	0	8.9	4.07280447319765	0.1875598939419482
1	0	8.9	3.714563695859004	0.2267798909877227
1	0	8.9	3.333421398117614	0.2821171412589085
1	0	8.9	2.93172744898173	0.3597039551823097
1	0	8.9	2.511958425224569	0.4642169983101962
1	0	8.9	2.076702342464958	0.5945474834398674
1	0	8.9	1.628642699190446	0.7408197497042385
1	0	8.9	1.17054193209677	0.8851734221547877
1	0	8.9	0.7052243847470262	1.004241015793751
1	0	8.9	0.235558894554412	1.072811652485359

1	0	9	5.995374217444337	0.08456919859796742
1	0	9	5.958410741729558	0.08564187643492899
1	0	9	5.884711682419383	0.08784289425862209
1	0	9	5.774731418721884	0.09128989945705461
1	0	9	5.629148015534905	0.09617644799972766
1	0	9	5.448859042950488	0.1027964871534258
1	0	9	5.234976042436783	0.1115850183331343
1	0	9	4.988817673815271	0.1231851575275063
1	0	9	4.71190158528447	0.1385597946287077
1	0	9	4.405935056614114	0.159178281544061
1	0	9	4.07280447319765	0.187318002439531
1	0	9	3.714563695859004	0.226484853356943
1	0	9	3.333421398117614	0.2817449765293888
1	0	9	2.93172744898173	0.3592194225115713
1	0	9	2.511958425224569	0.4635743475646485
1	0	9	2.076702342464958	0.5936995786870795
1	0	9	1.628642699190446	0.7397344209564307
1	0	9	1.17054193209677	0.8838490781649841
1	0	9	0.7052243847470262	1.002716981153137
1	0	9	0.235558894554412	1.071171694828936

1	0	9.1	5.995374217444337	0.08446216919547203
1	0	9.1	5.958410741729558	0.08553347161082249
1	0	9.1	5.884711682419383	0.08773166567688184
1	0	9.1	5.774731418721884	0.09117424439694739
1	0	9.1	5.629148015534905	0.09605450896005456
1	0	9.1	5.448859042950488	0.1026660179127325
1	0	9.1	5.234976042436783	0.1114431936100227
1	0	9.1	4.988817673815271	0.1230282878881715
1	0	9.1	4.71190158528447	0.1383828790031625
1	0	9.1	4.405935056614114	0.1589742750977347
1	0	9.1	4.07280447319765	0.1870765860186364
1	0	9.1	3.714563695859004	0.2261903967624337
1	0	9.1	3.333421398117614	0.2813735488658197
1	0	9.1	2.93172744898173	0.3587358598091296
1	0	9.1	2.511958425224569	0.4629330049526429
1	0	9.1	2.076702342464958	0.5928534346857516
1	0	9.1	1.628642699190446	0.7386513885211533
1	0	9.1	1.17054193209677	0.8825275768029456
1	0	9.1	0.7052243847470262	1.001196248597043
1	0	9.1	0.235558894554412	1.0695353068101

1	0	9.200000000000001	5.995374217444337	0.08435534903737839
1	0	9.200000000000001	5.958410741729558	0.08542527872655241
1	0	9.200000000000001	5.884711682419383	0.08762065456931015
1	0	9.200000000000001	5.774731418721884	0.09105881548810264
1	0	9.200000000000001	5.629148015534905	0.09593280839327631
1	0	9.200000000000001	5.448859042950488	0.1025358038773864
1	0	9.200000000000001	5.234976042436783	0.1113016463786477
1	0	9.200000000000001	4.988817673815271	0.1228717252905673
1	0	9.200000000000001	4.71190158528447	0.1382063098376764
1	0	9.200000000000001	4.405935056614114	0.1587706684858824
1	0	9.200000000000001	4.07280447319765	0.1868356434078109
1	0	9.200000000000001	3.714563695859004	0.2258965196482708
1	0	9.200000000000001	3.333421398117614	0.2810028562902855
1	0	9.200000000000001	2.93172744898173	0.3582532644574412
1	0	9.200000000000001	2.511958425224569	0.4622929669064507
1	0	9.200000000000001	2.076702342464958	0.5920090465655332
1	0	9.200000000000001	1.628642699190446	0.7375706459591439
1	0	9.200000000000001	1.17054193209677	0.8812089100145024
1	0	9.200000000000001	0.7052243847470262	0.9996788087096585
1	0	9.200000000000001	0.235558894554412	1.067902478220385

1	0	9.300000000000001	5.995374217444337	0.0842487375641854
1	0	9.300000000000001	5.958410741729558	0.08531729721540937
1	0	9.300000000000001	5.884711682419383	0.08750986035439839
1	0	9.300000000000001	5.774731418721884	0.09094361212580902
1	0	9.300000000000001	5.629148015534905	0.09581134566173011
1	0	9.300000000000001	5.448859042950488	0.1024058443649806
1	0	9.300000000000001	5.234976042436783	0.1111603758970079
1	0	9.300000000000001	4.988817673815271	0.1227154689136763
1	0	9.300000000000001	4.71190158528447	0.1380300862058282
1	0	9.300000000000001	4.405935056614114	0.1585674606393462
1	0	9.300000000000001	4.07280447319765	0.1865951733399368
1	0	9.300000000000001	3.714563695859004	0.2256032204638301
1	0	9.300000000000001	3.333421398117614	0.2806328968316177
1	0	9.300000000000001	2.93172744898173	0.3577716338479179
1	0	9.300000000000001	2.511958425224569	0.4616542298706212
1	0	9.300000000000001	2.076702342464958	0.5911664094730028
1	0	9.300000000000001	1.628642699190446	0.7364921868537899
1	0	9.300000000000001	1.17054193209677	0.8798930697740232
1	0	9.300000000000001	0.7052243847470262	0.9981646521086663
1	0	9.300000000000001	0.235558894554412	1.066273198887736

1	0	9.4	5.995374217444337	0.08414233421829737
1	0	9.4	5.958410741729558	0.08520952651261529
1	0	9.4	5.884711682419383	0.0873992824526193
1	0	9.4	5.774731418721884	0.09082863370741331
1	0	9.4	5.629148015534905	0.0956901201299265
1	0	9.4	5.448859042950488	0.1022761386954337
1	0	9.4	5.234976042436783	0.1110193814256293
1	0	9.4	4.988817673815271	0.1225595179392775
1	0	9.4	4.71190158528447	0.1378542071843517
1	0	9.4	4.405935056614114	0.15836465049261
1	0	9.4	4.07280447319765	0.1863551745522074
1	0	9.4	3.714563695859004	0.2253104976637669
1	0	9.4	3.333421398117614	0.2802636685253554
1	0	9.4	2.93172744898173	0.3572909653808775
1	0	9.4	2.511958425224569	0.4610167903019439
1	0	9.4	2.076702342464958	0.5903255185716295
1	0	9.4	1.628642699190446	0.7354160048110189
1	0	9.4	1.17054193209677	0.8785800480842919
1	0	9.4	0.7052243847470262	0.9966537694451303
1	0	9.4	0.235558894554412	1.064647458676327

1	0	9.5	5.995374217444337	0.08403613844401871
1	0	9.5	5.958410741729558	0.08510196605531463
1	0	9.5	5.884711682419383	0.08728892028641777
1	0	9.5	5.774731418721884	0.09071387963231602
1	0	9.5	5.629148015534905	0.09556913116453929
1	0	9.5	5.448859042950488	0.1021466861909791
1	0	9.5	5.234976042436783	0.1108786622275548
1	0	9.5	4.988817673815271	0.1224038715519346
1	0	9.5	4.71190158528447	0.1376786718531254
1	0	9.5	4.405935056614114	0.1581622369837829
1	0	9.5	4.07280447319765	0.1861156457861138
1	0	9.5	3.714563695859004	0.2250183497079918
1	0	9.5	3.333421398117614	0.2798951694137334
1	0	9.5	2.93172744898173	0.3568112564655187
1	0	9.5	2.511958425224569	0.4603806446693884
1	0	9.5	2.076702342464958	0.5894863690416723
1	0	9.5	1.628642699190446	0.7343420934592093
1	0	9.5	1.17054193209677	0.8772698369763917
1	0	9.5	0.7052243847470262	0.9951461514033326
1	0	9.5	0.235558894554412	1.063025247486425

1	0	9.600000000000001	5.995374217444337	0.08393014968754331
1	0	9.600000000000001	5.958410741729558	0.08499461528256705
1	0	9.600000000000001	5.884711682419383	0.08717877328020435
1	0	9.600000000000001	5.774731418721884	0.09059934930195818
1	0	9.600000000000001	5.629148015534905	0.09544837813439679
1	0	9.600000000000001	5.448859042950488	0.1020174861761561
1	0	9.600000000000001	5.234976042436783	0.1107382175683354
1	0	9.600000000000001	4.988817673815271	0.122248528938985
1	0	9.600000000000001	4.71190158528447	0.1375034792951548
1	0	9.600000000000001	4.405935056614114	0.1579602190545848
1	0	9.600000000000001	4.07280447319765	0.1858765857874244
1	0	9.600000000000001	3.714563695859004	0.2247267750616519
1	0	9.600000000000001	3.333421398117614	0.279527397545637
1	0	9.600000000000001	2.93172744898173	0.3563325045198767
1	0	9.600000000000001	2.511958425224569	0.4597457894540528
1	0	9.600000000000001	2.076702342464958	0.5886489560801291
1	0	9.600000000000001	1.628642699190446	0.7332704464490888
1	0	9.600000000000001	1.17054193209677	0.8759624285095753
1	0	9.600000000000001	0.7052243847470262	0.9936417887006472
1	0	9.600000000000001	0.235558894554412	1.061406555254229

1	0	9.700000000000001	5.995374217444337	0.08382436739694817
1	0	9.700000000000001	5.958410741729558	0.0848874736353388
1	0	9.700000000000001	5.884711682419383	0.08706884086034637
1	0	9.700000000000001	5.774731418721884	0.09048504211981803
1	0	9.700000000000001	5.629148015534905	0.09532786041047199
1	0	9.700000000000001	5.448859042950488	0.1018885379777992
1	0	9.700000000000001	5.234976042436783	0.1105980467160173
1	0	9.700000000000001	4.988817673815271	0.1220934892905285
1	0	9.700000000000001	4.71190158528447	0.1373286285965614
1	0	9.700000000000001	4.405935056614114	0.157758595650331
1	0	9.700000000000001	4.07280447319765	0.1856379933061688
1	0	9.700000000000001	3.714563695859004	0.2244357721951063
1	0	9.700000000000001	3.333421398117614	0.2791603509765889
1	0	9.700000000000001	2.93172744898173	0.3558547069707884
1	0	9.700000000000001	2.511958425224569	0.4591122211491216
1	0	9.700000000000001	2.076702342464958	0.5878132749006585
1	0	9.700000000000001	1.628642699190446	0.7322010574536428
1	0	9.700000000000001	1.17054193209677	0.874657814771152
1	0	9.700000000000001	0.7052243847470262	0.9921406720873723
1	0	9.700000000000001	0.235558894554412	1.05979137195171

1	0	9.800000000000001	5.995374217444337	0.08371879102218438
1	0	9.800000000000001	5.958410741729558	0.08478054055649493
1	0	9.800000000000001	5.884711682419383	0.08695912245515916
1	0	9.800000000000001	5.774731418721884	0.09037095749139949
1	0	9.800000000000001	5.629148015534905	0.09520757736587568
1	0	9.800000000000001	5.448859042950488	0.1017598409250305
1	0	9.800000000000001	5.234976042436783	0.1104581489411328
1	0	9.800000000000001	4.988817673815271	0.1219387517994143
1	0	9.800000000000001	4.71190158528447	0.1371541188465718
1	0	9.800000000000001	4.405935056614114	0.1575573657199183
1	0	9.800000000000001	4.07280447319765	0.1853998670966188
1	0	9.800000000000001	3.714563695859004	0.2241453395839063
1	0	9.800000000000001	3.333421398117614	0.278794027768712
1	0	9.800000000000001	2.93172744898173	0.3553778612538569
1	0	9.800000000000001	2.511958425224569	0.4584799362598064
1	0	9.800000000000001	2.076702342464958	0.5869793207335121
1	0	9.800000000000001	1.628642699190446	0.7311339201680246
1	0	9.800000000000001	1.17054193209677	0.8733559878763584
1	0	9.800000000000001	0.7052243847470262	0.99064279234662
1	0	9.800000000000001	0.235558894554412	1.058179687586462

1	0	9.9	5.995374217444337	0.08361342001507113
1	0	9.9	5.958410741729558	0.08467381549079281
1	0	9.9	5.884711682419383	0.08684961749489924
1	0	9.9	5.774731418721884	0.09025709482422388
1	0	9.9	5.629148015534905	0.09508752837584654
1	0	9.9	5.448859042950488	0.1016313943492483
1	0	9.9	5.234976042436783	0.1103185235166909
1	0	9.9	4.988817673815271	0.1217843156612324
1	0	9.9	4.71190158528447	0.1369799491375015
1	0	9.9	4.405935056614114	0.1573565282158096
1	0	9.9	4.07280447319765	0.1851622059172736
1	0	9.9	3.714563695859004	0.2238554757087741
1	0	9.9	3.333421398117614	0.2784284259907091
1	0	9.9	2.93172744898173	0.3549019648134152
1	0	9.9	2.511958425224569	0.4578489313033
1	0	9.9	2.076702342464958	0.586147088825466
1	0	9.9	1.628642699190446	0.7300690283094516
1	0	9.9	1.17054193209677	0.8720569399682584
1	0	9.9	0.7052243847470262	0.9891481402941606
1	0	9.9	0.235558894554412	1.056571492201567

1	0	10	5.995374217444337	0.08350825382928727
1	0	10	5.958410741729558	0.08456729788487205
1	0	10	5.884711682419383	0.08674032541175589
1	0	10	5.774731418721884	0.09014345352782277
1	0	10	5.629148015534905	0.09496771281774241
1	0	10	5.448859042950488	0.1015031975841196
1	0	10	5.234976042436783	0.1101791697181662
1	0	10	4.988817673815271	0.1216301800743003
1	0	10	4.71190158528447	0.1368061185647458
1	0	10	4.405935056614114	0.1571560820940194
1	0	10	4.07280447319765	0.1849250085308392
1	0	10	3.714563695859004	0.2235661790555812
1	0	10	3.333421398117614	0.2780635437178326
1	0	10	2.93172744898173	0.3544270151024881
1	0	10	2.511958425224569	0.4572192028087284
1	0	10	2.076702342464958	0.5853165744397427
1	0	10	1.628642699190446	0.7290063756171276
1	0	10	1.17054193209677	0.8707606632176123
1	0	10	0.7052243847470262	0.9876567067782849
1	0	10	0.235558894554412	1.05496677587542

