1	0	0	5.995374217444337	0.09513499920937264
1	0	0	5.958410741729558	0.0963434857075041
1	0	0	5.884711682419383	0.09882332293752535
1	0	0	5.774731418721884	0.1027074080271221
1	0	0	5.629148015534905	0.1082144648908716
1	0	0	5.448859042950488	0.1156768428981137
1	0	0	5.234976042436783	0.1255867565881104
1	0	0	4.988817673815271	0.1386727198829463
1	0	0	4.71190158528447	0.1560272858378809
1	0	0	4.405935056614114	0.1793219768751855
1	0	0	4.07280447319765	0.2111585167956898
1	0	0	3.714563695859004	0.2555703592734076
1	0	0	3.333421398117614	0.3184524510246254
1	0	0	2.93172744898173	0.4070571765810366
1	0	0	2.511958425224569	0.5271226269654146
1	0	0	2.076702342464958	0.6777058541347168
1	0	0	1.628642699190446	0.8474616822495133
1	0	0	1.17054193209677	1.015489826592975
1	0	0	0.7052243847470262	1.154350550730659
1	0	0	0.235558894554412	1.234414951838095

1	0	0.1	5.995374217444337	0.09508748922059354
1	0	0.1	5.958410741729558	0.09629530027786802
1	0	0.1	5.884711682419383	0.09877374531184434
1	0	0.1	5.774731418721884	0.1026556330294066
1	0	0.1	5.629148015534905	0.1081595387300332
1	0	0.1	5.448859042950488	0.1156175789428395
1	0	0.1	5.234976042436783	0.1255216086956503
1	0	0.1	4.988817673815271	0.1385995797445934
1	0	0.1	4.71190158528447	0.1559431395635108
1	0	0.1	4.405935056614114	0.1792222911448099
1	0	0.1	4.07280447319765	0.2110360988069094
1	0	0.1	3.714563695859004	0.2554132505286541
1	0	0.1	3.333421398117614	0.3182404141807703
1	0	0.1	2.93172744898173	0.4067574177193791
1	0	0.1	2.511958425224569	0.5266885300147933
1	0	0.1	2.076702342464958	0.6770847047589633
1	0	0.1	1.628642699190446	0.8466116307811182
1	0	0.1	1.17054193209677	1.014398106727215
1	0	0.1	0.7052243847470262	1.153048395683221
1	0	0.1	0.235558894554412	1.232986839187011

1	0	0.2	5.995374217444337	0.09504001384054522
1	0	0.2	5.958410741729558	0.09624714997653193
1	0	0.2	5.884711682419383	0.0987242038883424
1	0	0.2	5.774731418721884	0.1026038959370683
1	0	0.2	5.629148015534905	0.1081046529351085
1	0	0.2	5.448859042950488	0.1155583587766019
1	0	0.2	5.234976042436783	0.1254565093053833
1	0	0.2	4.988817673815271	0.1385264946475057
1	0	0.2	4.71190158528447	0.1558590576147955
1	0	0.2	4.405935056614114	0.1791226834518104
1	0	0.2	4.07280447319765	0.210913780297828
1	0	0.2	3.714563695859004	0.2552562772714549
1	0	0.2	3.333421398117614	0.3180285774097257
1	0	0.2	2.93172744898173	0.4064579775407446
1	0	0.2	2.511958425224569	0.5262549589794114
1	0	0.2	2.076702342464958	0.6764644023092523
1	0	0.2	1.628642699190446	0.8457628510745631
1	0	0.2	1.17054193209677	1.013308134019038
1	0	0.2	0.7052243847470262	1.151748421386346
1	0	0.2	0.235558894554412	1.231561175668197

1	0	0.3	5.995374217444337	0.0949925730354983
1	0	0.3	5.958410741729558	0.09619903476924718
1	0	0.3	5.884711682419383	0.09867469863169499
1	0	0.3	5.774731418721884	0.1025521967130723
1	0	0.3	5.629148015534905	0.1080498074665806
1	0	0.3	5.448859042950488	0.1154991823564097
1	0	0.3	5.234976042436783	0.1253914583694863
1	0	0.3	4.988817673815271	0.1384534645370539
1	0	0.3	4.71190158528447	0.155775039927205
1	0	0.3	4.405935056614114	0.1790231537164341
1	0	0.3	4.07280447319765	0.2107915611632099
1	0	0.3	3.714563695859004	0.2550994393489843
1	0	0.3	3.333421398117614	0.3178169404602583
1	0	0.3	2.93172744898173	0.4061588555829433
1	0	0.3	2.511958425224569	0.5258219129739622
1	0	0.3	2.076702342464958	0.6758449451723404
1	0	0.3	1.628642699190446	0.8449153404812152
1	0	0.3	1.17054193209677	1.012219904601581
1	0	0.3	0.7052243847470262	1.150450622817981
1	0	0.3	0.235558894554412	1.230137955524016

1	0	0.4	5.995374217444337	0.09494516677176412
1	0	0.4	5.958410741729558	0.09615095462180545
1	0	0.4	5.884711682419383	0.09862522950662157
1	0	0.4	5.774731418721884	0.1025005353204285
1	0	0.4	5.629148015534905	0.1079950022849818
1	0	0.4	5.448859042950488	0.1154400496393228
1	0	0.4	5.234976042436783	0.125326455840194
1	0	0.4	4.988817673815271	0.1383804893586753
1	0	0.4	4.71190158528447	0.1556910864362898
1	0	0.4	4.405935056614114	0.1789237018590269
1	0	0.4	4.07280447319765	0.2106694412979586
1	0	0.4	3.714563695859004	0.2549427366086304
1	0	0.4	3.333421398117614	0.3176055030815387
1	0	0.4	2.93172744898173	0.4058600513846722
1	0	0.4	2.511958425224569	0.5253893911151405
1	0	0.4	2.076702342464958	0.6752263317390963
1	0	0.4	1.628642699190446	0.8440690963597474
1	0	0.4	1.17054193209677	1.011133414619197
1	0	0.4	0.7052243847470262	1.149154994971127
1	0	0.4	0.235558894554412	1.228717173014365

1	0	0.5	5.995374217444337	0.09489779501569554
1	0	0.5	5.958410741729558	0.09610290950004302
1	0	0.5	5.884711682419383	0.0985757964778837
1	0	0.5	5.774731418721884	0.1024489117221939
1	0	0.5	5.629148015534905	0.1079402373508918
1	0	0.5	5.448859042950488	0.1153809605824558
1	0	0.5	5.234976042436783	0.1252615016698015
1	0	0.5	4.988817673815271	0.1383075690578763
1	0	0.5	4.71190158528447	0.1556071970776826
1	0	0.5	4.405935056614114	0.1788243278000373
1	0	0.5	4.07280447319765	0.2105474205971131
1	0	0.5	3.714563695859004	0.2547861688980006
1	0	0.5	3.333421398117614	0.3173942650231485
1	0	0.5	2.93172744898173	0.4055615644855176
1	0	0.5	2.511958425224569	0.5249573925216339
1	0	0.5	2.076702342464958	0.6746085604044808
1	0	0.5	1.628642699190446	0.8432241160761008
1	0	0.5	1.17054193209677	1.010048660227419
1	0	0.5	0.7052243847470262	1.147861532853807
1	0	0.5	0.235558894554412	1.227298822416639

1	0	0.6000000000000001	5.995374217444337	0.09485045773368798
1	0	0.6000000000000001	5.958410741729558	0.09605489936983612
1	0	0.6000000000000001	5.884711682419383	0.09852639951028701
1	0	0.6000000000000001	5.774731418721884	0.1023973258814691
1	0	0.6000000000000001	5.629148015534905	0.1078855126249405
1	0	0.6000000000000001	5.448859042950488	0.1153219151429753
1	0	0.6000000000000001	5.234976042436783	0.1251965958106613
1	0	0.6000000000000001	4.988817673815271	0.1382347035802299
1	0	0.6000000000000001	4.71190158528447	0.1555233717870939
1	0	0.6000000000000001	4.405935056614114	0.1787250314600145
1	0	0.6000000000000001	4.07280447319765	0.2104254989558533
1	0	0.6000000000000001	3.714563695859004	0.2546297360649156
1	0	0.6000000000000001	3.333421398117614	0.3171832260350711
1	0	0.6000000000000001	2.93172744898173	0.4052633944259503
1	0	0.6000000000000001	2.511958425224569	0.5245259163141172
1	0	0.6000000000000001	2.076702342464958	0.6739916295675353
1	0	0.6000000000000001	1.628642699190446	0.8423803970034747
1	0	0.6000000000000001	1.17054193209677	1.008965637592932
1	0	0.6000000000000001	0.7052243847470262	1.146570231488963
1	0	0.6000000000000001	0.235558894554412	1.225882898025648

1	0	0.7000000000000001	5.995374217444337	0.09480315489217707
1	0	0.7000000000000001	5.958410741729558	0.09600692419710394
1	0	0.7000000000000001	5.884711682419383	0.09847703856868044
1	0	0.7000000000000001	5.774731418721884	0.1023457777614014
1	0	0.7000000000000001	5.629148015534905	0.1078308280678045
1	0	0.7000000000000001	5.448859042950488	0.1152629132781016
1	0	0.7000000000000001	5.234976042436783	0.1251317382151856
1	0	0.7000000000000001	4.988817673815271	0.1381618928713771
1	0	0.7000000000000001	4.71190158528447	0.1554396105003163
1	0	0.7000000000000001	4.405935056614114	0.1786258127596074
1	0	0.7000000000000001	4.07280447319765	0.2103036762694958
1	0	0.7000000000000001	3.714563695859004	0.254473437957414
1	0	0.7000000000000001	3.333421398117614	0.3169723858676977
1	0	0.7000000000000001	2.93172744898173	0.4049655407473251
1	0	0.7000000000000001	2.511958425224569	0.52409496161525
1	0	0.7000000000000001	2.076702342464958	0.6733755376313652
1	0	0.7000000000000001	1.628642699190446	0.8415379365222942
1	0	0.7000000000000001	1.17054193209677	1.007884342893505
1	0	0.7000000000000001	0.7052243847470262	1.145281085914421
1	0	0.7000000000000001	0.235558894554412	1.224469394153556

1	0	0.8	5.995374217444337	0.09475588645763941
1	0	0.8	5.958410741729558	0.09595898394780744
1	0	0.8	5.884711682419383	0.0984277136179562
1	0	0.8	5.774731418721884	0.1022942673251836
1	0	0.8	5.629148015534905	0.1077761836402107
1	0	0.8	5.448859042950488	0.1152039549451067
1	0	0.8	5.234976042436783	0.1250669288358455
1	0	0.8	4.988817673815271	0.1380891368770262
1	0	0.8	4.71190158528447	0.155355913153224
1	0	0.8	4.405935056614114	0.1785266716195678
1	0	0.8	4.07280447319765	0.2101819524334943
1	0	0.8	3.714563695859004	0.2543172744237475
1	0	0.8	3.333421398117614	0.316761744271822
1	0	0.8	2.93172744898173	0.4046680029918744
1	0	0.8	2.511958425224569	0.5236645275496633
1	0	0.8	2.076702342464958	0.6727602830031326
1	0	0.8	1.628642699190446	0.8406967320201825
1	0	0.8	1.17054193209677	1.006804772317978
1	0	0.8	0.7052243847470262	1.143994091182871
1	0	0.8	0.235558894554412	1.223058305129824

1	0	0.9	5.995374217444337	0.09470865239659451
1	0	0.9	5.958410741729558	0.09591107858794914
1	0	0.9	5.884711682419383	0.09837842462304937
1	0	0.9	5.774731418721884	0.1022427945360525
1	0	0.9	5.629148015534905	0.1077215793029334
1	0	0.9	5.448859042950488	0.1151450401013164
1	0	0.9	5.234976042436783	0.1250021676251714
1	0	0.9	4.988817673815271	0.1380164355429538
1	0	0.9	4.71190158528447	0.1552722796817682
1	0	0.9	4.405935056614114	0.1784276079607464
1	0	0.9	4.07280447319765	0.2100603273434404
1	0	0.9	3.714563695859004	0.2541612453123843
1	0	0.9	3.333421398117614	0.316551300998641
1	0	0.9	2.93172744898173	0.4043707807027117
1	0	0.9	2.511958425224569	0.523234613243959
1	0	0.9	2.076702342464958	0.6721458640940392
1	0	0.9	1.628642699190446	0.8398567808919434
1	0	0.9	1.17054193209677	1.005726922066211
1	0	0.9	0.7052243847470262	1.142709242361751
1	0	0.9	0.235558894554412	1.221649625301137

1	0	1	5.995374217444337	0.09466145267560132
1	0	1	5.958410741729558	0.09586320808357389
1	0	1	5.884711682419383	0.09832917154893898
1	0	1	5.774731418721884	0.1021913593572912
1	0	1	5.629148015534905	0.1076670150167951
1	0	1	5.448859042950488	0.1150861687041083
1	0	1	5.234976042436783	0.124937454535751
1	0	1	4.988817673815271	0.1379437888150032
1	0	1	4.71190158528447	0.1551887100219819
1	0	1	4.405935056614114	0.1783286217040949
1	0	1	4.07280447319765	0.2099388008950623
1	0	1	3.714563695859004	0.2540053504720057
1	0	1	3.333421398117614	0.3163410557997532
1	0	1	2.93172744898173	0.4040738734238268
1	0	1	2.511958425224569	0.5228052178267079
1	0	1	2.076702342464958	0.6715322793193133
1	0	1	1.628642699190446	0.8390180805395284
1	0	1	1.17054193209677	1.00465078834904
1	0	1	0.7052243847470262	1.141426534533228
1	0	1	0.235558894554412	1.220243349031317

1	0	1.1	5.995374217444337	0.09461428726126084
1	0	1.1	5.958410741729558	0.09581537240076843
1	0	1.1	5.884711682419383	0.09827995436064578
1	0	1.1	5.774731418721884	0.1021399617522285
1	0	1.1	5.629148015534905	0.1076124907426672
1	0	1.1	5.448859042950488	0.1150273407109136
1	0	1.1	5.234976042436783	0.1248727895202318
1	0	1.1	4.988817673815271	0.137871196639084
1	0	1.1	4.71190158528447	0.1551052041099788
1	0	1.1	4.405935056614114	0.1782297127706648
1	0	1.1	4.07280447319765	0.209817372984225
1	0	1.1	3.714563695859004	0.2538495897515082
1	0	1.1	3.333421398117614	0.3161310084271597
1	0	1.1	2.93172744898173	0.4037772807000832
1	0	1.1	2.511958425224569	0.5223763404284346
1	0	1.1	2.076702342464958	0.6709195270981952
1	0	1.1	1.628642699190446	0.8381806283720121
1	0	1.1	1.17054193209677	1.003576367388232
1	0	1.1	0.7052243847470262	1.140145962794145
1	0	1.1	0.235558894554412	1.218839470701311

1	0	1.2	5.995374217444337	0.09456715612021431
1	0	1.2	5.958410741729558	0.09576757150565975
1	0	1.2	5.884711682419383	0.09823077302323516
1	0	1.2	5.774731418721884	0.1020886016842371
1	0	1.2	5.629148015534905	0.1075580064414691
1	0	1.2	5.448859042950488	0.1149685560792148
1	0	1.2	5.234976042436783	0.12480817253132
1	0	1.2	4.988817673815271	0.1377986589611742
1	0	1.2	4.71190158528447	0.1550217618819509
1	0	1.2	4.405935056614114	0.1781308810816084
1	0	1.2	4.07280447319765	0.2096960435069304
1	0	1.2	3.714563695859004	0.2536939630000015
1	0	1.2	3.333421398117614	0.3159211586332606
1	0	1.2	2.93172744898173	0.4034810020772134
1	0	1.2	2.511958425224569	0.5219479801816196
1	0	1.2	2.076702342464958	0.6703076058539322
1	0	1.2	1.628642699190446	0.8373444218055758
1	0	1.2	1.17054193209677	1.002503655416472
1	0	1.2	0.7052243847470262	1.13886752225595
1	0	1.2	0.235558894554412	1.217437984709076

1	0	1.3	5.995374217444337	0.09452005921914475
1	0	1.3	5.958410741729558	0.09571980536441796
1	0	1.3	5.884711682419383	0.09818162750181404
1	0	1.3	5.774731418721884	0.102037279116735
1	0	1.3	5.629148015534905	0.1075035620741673
1	0	1.3	5.448859042950488	0.1149098147665473
1	0	1.3	5.234976042436783	0.1247436035217789
1	0	1.3	4.988817673815271	0.1377261757273182
1	0	1.3	4.71190158528447	0.1549383832741704
1	0	1.3	4.405935056614114	0.1780321265581774
1	0	1.3	4.07280447319765	0.2095748123593175
1	0	1.3	3.714563695859004	0.2535384700668069
1	0	1.3	3.333421398117614	0.3157115061708606
1	0	1.3	2.93172744898173	0.4031850371018242
1	0	1.3	2.511958425224569	0.5215201362206906
1	0	1.3	2.076702342464958	0.6696965140137527
1	0	1.3	1.628642699190446	0.8365094582634752
1	0	1.3	1.17054193209677	1.001432648677297
1	0	1.3	0.7052243847470262	1.137591208044642
1	0	1.3	0.235558894554412	1.216038885469543

1	0	1.4	5.995374217444337	0.09447299652477575
1	0	1.4	5.958410741729558	0.09567207394325471
1	0	1.4	5.884711682419383	0.09813251776153273
1	0	1.4	5.774731418721884	0.1019859940131856
1	0	1.4	5.629148015534905	0.1074491576017781
1	0	1.4	5.448859042950488	0.1148511167304992
1	0	1.4	5.234976042436783	0.1246790824444314
1	0	1.4	4.988817673815271	0.1376537468836276
1	0	1.4	4.71190158528447	0.1548550682229893
1	0	1.4	4.405935056614114	0.1779334491217243
1	0	1.4	4.07280447319765	0.2094536794376605
1	0	1.4	3.714563695859004	0.253383110801465
1	0	1.4	3.333421398117614	0.3155020507931561
1	0	1.4	2.93172744898173	0.402889385321387
1	0	1.4	2.511958425224569	0.5210928076820147
1	0	1.4	2.076702342464958	0.6690862500088622
1	0	1.4	1.628642699190446	0.8356757351760207
1	0	1.4	1.17054193209677	1.000363343425053
1	0	1.4	0.7052243847470262	1.136317015300746
1	0	1.4	0.235558894554412	1.214642167414534

1	0	1.5	5.995374217444337	0.0944259680038714
1	0	1.5	5.958410741729558	0.09562437720842178
1	0	1.5	5.884711682419383	0.09808344376758418
1	0	1.5	5.774731418721884	0.1019347463370972
1	0	1.5	5.629148015534905	0.1073947929853638
1	0	1.5	5.448859042950488	0.1147924619287107
1	0	1.5	5.234976042436783	0.124614609252158
1	0	1.5	4.988817673815271	0.1375813723762805
1	0	1.5	4.71190158528447	0.1547718166648395
1	0	1.5	4.405935056614114	0.1778348486937
1	0	1.5	4.07280447319765	0.2093326446383695
1	0	1.5	3.714563695859004	0.2532278850537189
1	0	1.5	3.333421398117614	0.3152927922537474
1	0	1.5	2.93172744898173	0.4025940462842384
1	0	1.5	2.511958425224569	0.5206659937038994
1	0	1.5	2.076702342464958	0.6684768122744301
1	0	1.5	1.628642699190446	0.8348432499805405
1	0	1.5	1.17054193209677	0.9992957359248847
1	0	1.5	0.7052243847470262	1.135044939179212
1	0	1.5	0.235558894554412	1.213247824992724

1	0	1.6	5.995374217444337	0.09437897362323759
1	0	1.6	5.958410741729558	0.09557671512621357
1	0	1.6	5.884711682419383	0.09803440548520477
1	0	1.6	5.774731418721884	0.1018835360520223
1	0	1.6	5.629148015534905	0.1073404681860365
1	0	1.6	5.448859042950488	0.1147338503188726
1	0	1.6	5.234976042436783	0.1245501838978976
1	0	1.6	4.988817673815271	0.1375090521515215
1	0	1.6	4.71190158528447	0.154688628536231
1	0	1.6	4.405935056614114	0.1777363251956549
1	0	1.6	4.07280447319765	0.2092117078579912
1	0	1.6	3.714563695859004	0.2530727926735333
1	0	1.6	3.333421398117614	0.315083730306628
1	0	1.6	2.93172744898173	0.4022990195395804
1	0	1.6	2.511958425224569	0.5202396934265729
1	0	1.6	2.076702342464958	0.6678681992495726
1	0	1.6	1.628642699190446	0.8340120001213827
1	0	1.6	1.17054193209677	0.9982298224526803
1	0	1.6	0.7052243847470262	1.133774974849401
1	0	1.6	0.235558894554412	1.211855852669547

1	0	1.7	5.995374217444337	0.09433201334971977
1	0	1.7	5.958410741729558	0.09552908766296525
1	0	1.7	5.884711682419383	0.09798540287967272
1	0	1.7	5.774731418721884	0.1018323631215589
1	0	1.7	5.629148015534905	0.1072861831649544
1	0	1.7	5.448859042950488	0.1146752818587314
1	0	1.7	5.234976042436783	0.1244858063346468
1	0	1.7	4.988817673815271	0.1374367861556623
1	0	1.7	4.71190158528447	0.1546055037737535
1	0	1.7	4.405935056614114	0.1776378785492406
1	0	1.7	4.07280447319765	0.2090908689932081
1	0	1.7	3.714563695859004	0.2529178335110788
1	0	1.7	3.333421398117614	0.3148748647061904
1	0	1.7	2.93172744898173	0.4020043046374751
1	0	1.7	2.511958425224569	0.5198139059921955
1	0	1.7	2.076702342464958	0.6672604093773463
1	0	1.7	1.628642699190446	0.8331819830498519
1	0	1.7	1.17054193209677	0.9971655992950185
1	0	1.7	0.7052243847470262	1.132507117495022
1	0	1.7	0.235558894554412	1.210466244927169

1	0	1.8	5.995374217444337	0.09428508715020488
1	0	1.8	5.958410741729558	0.09548149478505381
1	0	1.8	5.884711682419383	0.09793643591630952
1	0	1.8	5.774731418721884	0.1017812275093493
1	0	1.8	5.629148015534905	0.1072319378833252
1	0	1.8	5.448859042950488	0.1146167565060817
1	0	1.8	5.234976042436783	0.1244214765154607
1	0	1.8	4.988817673815271	0.1373645743350804
1	0	1.8	4.71190158528447	0.1545224423140768
1	0	1.8	4.405935056614114	0.1775395086762051
1	0	1.8	4.07280447319765	0.2089701279408362
1	0	1.8	3.714563695859004	0.25276300741674
1	0	1.8	3.333421398117614	0.3146661952072245
1	0	1.8	2.93172744898173	0.4017099011288402
1	0	1.8	2.511958425224569	0.5193886305448531
1	0	1.8	2.076702342464958	0.6666534411047251
1	0	1.8	1.628642699190446	0.8323531962242305
1	0	1.8	1.17054193209677	0.9961030627491542
1	0	1.8	0.7052243847470262	1.131241362314069
1	0	1.8	0.235558894554412	1.209078996264381

1	0	1.9	5.995374217444337	0.09423819499161989
1	0	1.9	5.958410741729558	0.09543393645889743
1	0	1.9	5.884711682419383	0.09788750456047814
1	0	1.9	5.774731418721884	0.1017301291790806
1	0	1.9	5.629148015534905	0.1071777323024026
1	0	1.9	5.448859042950488	0.1145582742187723
1	0	1.9	5.234976042436783	0.1243571943934524
1	0	1.9	4.988817673815271	0.1372924166362206
1	0	1.9	4.71190158528447	0.1544394440939485
1	0	1.9	4.405935056614114	0.1774412154983985
1	0	1.9	4.07280447319765	0.2088494845978295
1	0	1.9	3.714563695859004	0.2526083142411131
1	0	1.9	3.333421398117614	0.3144577215649124
1	0	1.9	2.93172744898173	0.4014158085654551
1	0	1.9	2.511958425224569	0.51896386623053
1	0	1.9	2.076702342464958	0.6660472928825971
1	0	1.9	1.628642699190446	0.8315256371097156
1	0	1.9	1.17054193209677	0.9950422091229579
1	0	1.9	0.7052243847470262	1.12997770451876
1	0	1.9	0.235558894554412	1.207694101196575

1	0	2	5.995374217444337	0.09419133684093245
1	0	2	5.958410741729558	0.09538641265095447
1	0	2	5.884711682419383	0.09783860877758535
1	0	2	5.774731418721884	0.1016790680944843
1	0	2	5.629148015534905	0.1071235663834886
1	0	2	5.448859042950488	0.1144998349547028
1	0	2	5.234976042436783	0.1242929599217925
1	0	2	4.988817673815271	0.1372203130055937
1	0	2	4.71190158528447	0.154356509050195
1	0	2	4.405935056614114	0.1773429989377665
1	0	2	4.07280447319765	0.208728938861274
1	0	2	3.714563695859004	0.2524537538350032
1	0	2	3.333421398117614	0.3142494435348283
1	0	2	2.93172744898173	0.4011220264999529
1	0	2	2.511958425224569	0.5185396121971267
1	0	2	2.076702342464958	0.6654419631657504
1	0	2	1.628642699190446	0.8306993031784125
1	0	2	1.17054193209677	0.9939830347349122
1	0	2	0.7052243847470262	1.128716139335518
1	0	2	0.235558894554412	1.206311554255677

1	0	2.1	5.995374217444337	0.09414451266515154
1	0	2.1	5.958410741729558	0.09533892332772578
1	0	2.1	5.884711682419383	0.09778974853307948
1	0	2.1	5.774731418721884	0.1016280442193368
1	0	2.1	5.629148015534905	0.1070694400879329
1	0	2.1	5.448859042950488	0.114441438671826
1	0	2.1	5.234976042436783	0.1242287730537087
1	0	2.1	4.988817673815271	0.137148263389776
1	0	2.1	4.71190158528447	0.1542736371197233
1	0	2.1	4.405935056614114	0.1772448589163568
1	0	2.1	4.07280447319765	0.2086084906283931
1	0	2.1	3.714563695859004	0.2522993260494261
1	0	2.1	3.333421398117614	0.3140413608729444
1	0	2.1	2.93172744898173	0.4008285544858151
1	0	2.1	2.511958425224569	0.5181158675944456
1	0	2.1	2.076702342464958	0.6648374504128534
1	0	2.1	1.628642699190446	0.8298741919093184
1	0	2.1	1.17054193209677	0.9929255359140214
1	0	2.1	0.7052243847470262	1.127456662004883
1	0	2.1	0.235558894554412	1.204931349990045

1	0	2.2	5.995374217444337	0.09409772243132511
1	0	2.2	5.958410741729558	0.09529146845575266
1	0	2.2	5.884711682419383	0.09774092379245207
1	0	2.2	5.774731418721884	0.1015770575174581
1	0	2.2	5.629148015534905	0.107015353377133
1	0	2.2	5.448859042950488	0.1143830853281447
1	0	2.2	5.234976042436783	0.124164633742488
1	0	2.2	4.988817673815271	0.1370762677354107
1	0	2.2	4.71190158528447	0.154190828239515
1	0	2.2	4.405935056614114	0.1771467953563138
1	0	2.2	4.07280447319765	0.2084881397965409
1	0	2.2	3.714563695859004	0.2521450307356093
1	0	2.2	3.333421398117614	0.3138334733356224
1	0	2.2	2.93172744898173	0.400535392077378
1	0	2.2	2.511958425224569	0.5176926315741872
1	0	2.2	2.076702342464958	0.6642337530864573
1	0	2.2	1.628642699190446	0.8290503007882827
1	0	2.2	1.17054193209677	0.9918697089998193
1	0	2.2	0.7052243847470262	1.126199267781491
1	0	2.2	0.235558894554412	1.203553482964475

1	0	2.3	5.995374217444337	0.09405096610654255
1	0	2.3	5.958410741729558	0.09524404800161691
1	0	2.3	5.884711682419383	0.09769213452123546
1	0	2.3	5.774731418721884	0.1015261079527136
1	0	2.3	5.629148015534905	0.1069613062125324
1	0	2.3	5.448859042950488	0.1143247748817145
1	0	2.3	5.234976042436783	0.1241005419414727
1	0	2.3	4.988817673815271	0.1370043259892076
1	0	2.3	4.71190158528447	0.154108082346634
1	0	2.3	4.405935056614114	0.1770488081798798
1	0	2.3	4.07280447319765	0.2083678862632108
1	0	2.3	3.714563695859004	0.2519908677449869
1	0	2.3	3.333421398117614	0.3136257806796153
1	0	2.3	2.93172744898173	0.4002425388298257
1	0	2.3	2.511958425224569	0.5172699032899412
1	0	2.3	2.076702342464958	0.6636308696529644
1	0	2.3	1.628642699190446	0.828227627307984
1	0	2.3	1.17054193209677	0.9908155503423154
1	0	2.3	0.7052243847470262	1.124943951933992
1	0	2.3	0.235558894554412	1.202177947760072

1	0	2.4	5.995374217444337	0.09400424365793324
1	0	2.4	5.958410741729558	0.09519666193194204
1	0	2.4	5.884711682419383	0.09764338068500587
1	0	2.4	5.774731418721884	0.1014751954890125
1	0	2.4	5.629148015534905	0.1069072985556227
1	0	2.4	5.448859042950488	0.1142665072906419
1	0	2.4	5.234976042436783	0.1240364976040653
1	0	2.4	4.988817673815271	0.1369324380979401
1	0	2.4	4.71190158528447	0.1540253993782226
1	0	2.4	4.405935056614114	0.1769508973093977
1	0	2.4	4.07280447319765	0.2082477299260267
1	0	2.4	3.714563695859004	0.2518368369292077
1	0	2.4	3.333421398117614	0.3134182826620701
1	0	2.4	2.93172744898173	0.3999499942991848
1	0	2.4	2.511958425224569	0.5168476818971791
1	0	2.4	2.076702342464958	0.6630287985826263
1	0	2.4	1.628642699190446	0.8274061689679288
1	0	2.4	1.17054193209677	0.9897630563019453
1	0	2.4	0.7052243847470262	1.123690709745018
1	0	2.4	0.235558894554412	1.200804738974238

1	0	2.5	5.995374217444337	0.09395755505266665
1	0	2.5	5.958410741729558	0.09514931021339273
1	0	2.5	5.884711682419383	0.09759466224938058
1	0	2.5	5.774731418721884	0.1014243200903081
1	0	2.5	5.629148015534905	0.1068533303679443
1	0	2.5	5.448859042950488	0.1142082825130855
1	0	2.5	5.234976042436783	0.1239725006837229
1	0	2.5	4.988817673815271	0.1368606040084494
1	0	2.5	4.71190158528447	0.1539427792714986
1	0	2.5	4.405935056614114	0.1768530626673057
1	0	2.5	4.07280447319765	0.208127670682747
1	0	2.5	3.714563695859004	0.2516829381401209
1	0	2.5	3.333421398117614	0.31321097904052
1	0	2.5	2.93172744898173	0.39965775804233
1	0	2.5	2.511958425224569	0.5164259665532618
1	0	2.5	2.076702342464958	0.6624275383495352
1	0	2.5	1.628642699190446	0.8265859232743925
1	0	2.5	1.17054193209677	0.9887122232495571
1	0	2.5	0.7052243847470262	1.122439536511126
1	0	2.5	0.235558894554412	1.199433851220587

1	0	2.6	5.995374217444337	0.09391090025795258
1	0	2.6	5.958410741729558	0.09510199281267287
1	0	2.6	5.884711682419383	0.09754597918001992
1	0	2.6	5.774731418721884	0.1013734817205984
1	0	2.6	5.629148015534905	0.1067994016110822
1	0	2.6	5.448859042950488	0.114150100507255
1	0	2.6	5.234976042436783	0.1239085511339622
1	0	2.6	4.988817673815271	0.1367888236676416
1	0	2.6	4.71190158528447	0.1538602219637604
1	0	2.6	4.405935056614114	0.1767553041761435
1	0	2.6	4.07280447319765	0.2080077084312648
1	0	2.6	3.714563695859004	0.251529171229794
1	0	2.6	3.333421398117614	0.3130038695728903
1	0	2.6	2.93172744898173	0.3993658296169777
1	0	2.6	2.511958425224569	0.5160047564174177
1	0	2.6	2.076702342464958	0.6618270874316047
1	0	2.6	1.628642699190446	0.8257668877404328
1	0	2.6	1.17054193209677	0.9876630475663498
1	0	2.6	0.7052243847470262	1.121190427542738
1	0	2.6	0.235558894554412	1.198065279128888

1	0	2.7	5.995374217444337	0.09386427924104117
1	0	2.7	5.958410741729558	0.09505470969652886
1	0	2.7	5.884711682419383	0.09749733144262507
1	0	2.7	5.774731418721884	0.1013226803439244
1	0	2.7	5.629148015534905	0.1067455122466698
1	0	2.7	5.448859042950488	0.1140919612314105
1	0	2.7	5.234976042436783	0.1238446489083557
1	0	2.7	4.988817673815271	0.136717097022489
1	0	2.7	4.71190158528447	0.1537777273923827
1	0	2.7	4.405935056614114	0.1766576217585453
1	0	2.7	4.07280447319765	0.2078878430696064
1	0	2.7	3.714563695859004	0.2513755360504955
1	0	2.7	3.333421398117614	0.3127969540174924
1	0	2.7	2.93172744898173	0.3990742085816807
1	0	2.7	2.511958425224569	0.5155840506507502
1	0	2.7	2.076702342464958	0.6612274443105579
1	0	2.7	1.628642699190446	0.8249490598858418
1	0	2.7	1.17054193209677	0.9866155256438549
1	0	2.7	0.7052243847470262	1.119943378164124
1	0	2.7	0.235558894554412	1.196699017345019

1	0	2.8	5.995374217444337	0.09381769196922206
1	0	2.8	5.958410741729558	0.09500746083174644
1	0	2.8	5.884711682419383	0.09744871900294005
1	0	2.8	5.774731418721884	0.1012719159243727
1	0	2.8	5.629148015534905	0.1066916622363878
1	0	2.8	5.448859042950488	0.1140338646438653
1	0	2.8	5.234976042436783	0.1237807939605335
1	0	2.8	4.988817673815271	0.1366454240200295
1	0	2.8	4.71190158528447	0.1536952954948192
1	0	2.8	4.405935056614114	0.1765600153372446
1	0	2.8	4.07280447319765	0.2077680744959289
1	0	2.8	3.714563695859004	0.2512220324547044
1	0	2.8	3.333421398117614	0.3125902321330283
1	0	2.8	2.93172744898173	0.3987828944958327
1	0	2.8	2.511958425224569	0.515163848416221
1	0	2.8	2.076702342464958	0.6606286074719148
1	0	2.8	1.628642699190446	0.8241324372371187
1	0	2.8	1.17054193209677	0.9855696538838912
1	0	2.8	0.7052243847470262	1.118698383713299
1	0	2.8	0.235558894554412	1.195335060530879

1	0	2.9	5.995374217444337	0.09377113840982561
1	0	2.9	5.958410741729558	0.09496024618515345
1	0	2.9	5.884711682419383	0.09740014182675076
1	0	2.9	5.774731418721884	0.1012211884260726
1	0	2.9	5.629148015534905	0.1066378515419625
1	0	2.9	5.448859042950488	0.1139758107029821
1	0	2.9	5.234976042436783	0.1237169862441826
1	0	2.9	4.988817673815271	0.1365738046073648
1	0	2.9	4.71190158528447	0.1536129262086014
1	0	2.9	4.405935056614114	0.1764624848350723
1	0	2.9	4.07280447319765	0.2076484026085266
1	0	2.9	3.714563695859004	0.251068660295108
1	0	2.9	3.333421398117614	0.3123837036785834
1	0	2.9	2.93172744898173	0.398491886919664
1	0	2.9	2.511958425224569	0.5147441488786524
1	0	2.9	2.076702342464958	0.6600305754049884
1	0	2.9	1.628642699190446	0.8233170173274789
1	0	2.9	1.17054193209677	0.984525428698523
1	0	2.9	0.7052243847470262	1.117455439542009
1	0	2.9	0.235558894554412	1.193973403364357

1	0	3	5.995374217444337	0.09372461853022153
1	0	3	5.958410741729558	0.09491306572361662
1	0	3	5.884711682419383	0.09735159987988452
1	0	3	5.774731418721884	0.1011704978131978
1	0	3	5.629148015534905	0.1065840801251692
1	0	3	5.448859042950488	0.1139177993671756
1	0	3	5.234976042436783	0.1236532257130476
1	0	3	4.988817673815271	0.1365022387316635
1	0	3	4.71190158528447	0.1535306194713374
1	0	3	4.405935056614114	0.1763650301749566
1	0	3	4.07280447319765	0.2075288273058238
1	0	3	3.714563695859004	0.2509154194245967
1	0	3	3.333421398117614	0.3121773684136309
1	0	3	2.93172744898173	0.3982011854142339
1	0	3	2.511958425224569	0.5143249512047235
1	0	3	2.076702342464958	0.6594333466028606
1	0	3	1.628642699190446	0.8225027976967926
1	0	3	1.17054193209677	0.9834828465100397
1	0	3	0.7052243847470262	1.116214541015674
1	0	3	0.235558894554412	1.192614040539249

1	0	3.1	5.995374217444337	0.09367813229781947
1	0	3.1	5.958410741729558	0.09486591941404407
1	0	3.1	5.884711682419383	0.09730309312821095
1	0	3.1	5.774731418721884	0.1011198440499663
1	0	3.1	5.629148015534905	0.1065303479478279
1	0	3.1	5.448859042950488	0.1138598305949112
1	0	3.1	5.234976042436783	0.1235895123209288
1	0	3.1	4.988817673815271	0.1364307263401599
1	0	3.1	4.71190158528447	0.1534483752207145
1	0	3.1	4.405935056614114	0.1762676512799221
1	0	3.1	4.07280447319765	0.2074093484863781
1	0	3.1	3.714563695859004	0.2507623096962742
1	0	3.1	3.333421398117614	0.311971226098031
1	0	3.1	2.93172744898173	0.39791078954144
1	0	3.1	2.511958425224569	0.51390625456296
1	0	3.1	2.076702342464958	0.6588369195623787
1	0	3.1	1.628642699190446	0.8216897758915924
1	0	3.1	1.17054193209677	0.9824419037508981
1	0	3.1	0.7052243847470262	1.114975683513329
1	0	3.1	0.235558894554412	1.191256966765225

1	0	3.2	5.995374217444337	0.09363167968006961
1	0	3.2	5.958410741729558	0.09481880722338457
1	0	3.2	5.884711682419383	0.09725462153764117
1	0	3.2	5.774731418721884	0.1010692271006388
1	0	3.2	5.629148015534905	0.1064766549718072
1	0	3.2	5.448859042950488	0.1138019043447052
1	0	3.2	5.234976042436783	0.1235258460216846
1	0	3.2	4.988817673815271	0.1363592673801509
1	0	3.2	4.71190158528447	0.1533661933944957
1	0	3.2	4.405935056614114	0.1761703480730931
1	0	3.2	4.07280447319765	0.2072899660488784
1	0	3.2	3.714563695859004	0.2506093309634455
1	0	3.2	3.333421398117614	0.3117652764920238
1	0	3.2	2.93172744898173	0.3976206988640034
1	0	3.2	2.511958425224569	0.5134880581237276
1	0	3.2	2.076702342464958	0.6582412927841392
1	0	3.2	1.628642699190446	0.8208779494650276
1	0	3.2	1.17054193209677	0.9814025968637036
1	0	3.2	0.7052243847470262	1.113738862427593
1	0	3.2	0.235558894554412	1.189902176767744

1	0	3.3	5.995374217444337	0.09358526064446064
1	0	3.3	5.958410741729558	0.09477172911862725
1	0	3.3	5.884711682419383	0.09720618507412764
1	0	3.3	5.774731418721884	0.1010186469295204
1	0	3.3	5.629148015534905	0.1064230011590213
1	0	3.3	5.448859042950488	0.1137440205751255
1	0	3.3	5.234976042436783	0.123462226769229
1	0	3.3	4.988817673815271	0.1362878617990008
1	0	3.3	4.71190158528447	0.1532840739305232
1	0	3.3	4.405935056614114	0.1760731204776874
1	0	3.3	4.07280447319765	0.2071706798921483
1	0	3.3	3.714563695859004	0.2504564830796214
1	0	3.3	3.333421398117614	0.3115595193562396
1	0	3.3	2.93172744898173	0.3973309129454748
1	0	3.3	2.511958425224569	0.5130703610592297
1	0	3.3	2.076702342464958	0.6576464647724761
1	0	3.3	1.628642699190446	0.8200673159768564
1	0	3.3	1.17054193209677	0.9803649223011636
1	0	3.3	0.7052243847470262	1.11250407316458
1	0	3.3	0.235558894554412	1.188549665288013

1	0	3.4	5.995374217444337	0.09353887515852238
1	0	3.4	5.958410741729558	0.09472468506680125
1	0	3.4	5.884711682419383	0.09715778370366529
1	0	3.4	5.774731418721884	0.1009681035009603
1	0	3.4	5.629148015534905	0.1063693864714308
1	0	3.4	5.448859042950488	0.1136861792447894
1	0	3.4	5.234976042436783	0.1233986545175332
1	0	3.4	4.988817673815271	0.1362165095441386
1	0	3.4	4.71190158528447	0.1532020167667152
1	0	3.4	4.405935056614114	0.1759759684170231
1	0	3.4	4.07280447319765	0.2070514899151415
1	0	3.4	3.714563695859004	0.2503037658985237
1	0	3.4	3.333421398117614	0.3113539544516838
1	0	3.4	2.93172744898173	0.3970414313502311
1	0	3.4	2.511958425224569	0.5126531625435049
1	0	3.4	2.076702342464958	0.6570524340354524
1	0	3.4	1.628642699190446	0.8192578729934168
1	0	3.4	1.17054193209677	0.9793288765260592
1	0	3.4	0.7052243847470262	1.111271311143905
1	0	3.4	0.235558894554412	1.187199427082913

1	0	3.5	5.995374217444337	0.09349252318982368
1	0	3.5	5.958410741729558	0.09467767503497543
1	0	3.5	5.884711682419383	0.09710941739228943
1	0	3.5	5.774731418721884	0.1009175967793503
1	0	3.5	5.629148015534905	0.1063158108710435
1	0	3.5	5.448859042950488	0.1136283803123664
1	0	3.5	5.234976042436783	0.123335129220625
1	0	3.5	4.988817673815271	0.136145210563056
1	0	3.5	4.71190158528447	0.1531200218410676
1	0	3.5	4.405935056614114	0.1758788918145123
1	0	3.5	4.07280447319765	0.206932396016943
1	0	3.5	3.714563695859004	0.2501511792740727
1	0	3.5	3.333421398117614	0.3111485815397507
1	0	3.5	2.93172744898173	0.3967522536434732
1	0	3.5	2.511958425224569	0.5122364617524179
1	0	3.5	2.076702342464958	0.6564591990848386
1	0	3.5	1.628642699190446	0.818449618087605
1	0	3.5	1.17054193209677	0.978294456011203
1	0	3.5	0.7052243847470262	1.110040571798584
1	0	3.5	0.235558894554412	1.185851456924962

1	0	3.6	5.995374217444337	0.09344620470597206
1	0	3.6	5.958410741729558	0.09463069899026019
1	0	3.6	5.884711682419383	0.0970610861060783
1	0	3.6	5.774731418721884	0.1008671267291264
1	0	3.6	5.629148015534905	0.1062622743199134
1	0	3.6	5.448859042950488	0.1135706237365757
1	0	3.6	5.234976042436783	0.1232716508325883
1	0	3.6	4.988817673815271	0.1360739648033128
1	0	3.6	4.71190158528447	0.1530380890916517
1	0	3.6	4.405935056614114	0.175781890593665
1	0	3.6	4.07280447319765	0.2068133980967722
1	0	3.6	3.714563695859004	0.2499987230603991
1	0	3.6	3.333421398117614	0.3109434003822125
1	0	3.6	2.93172744898173	0.3964633793912228
1	0	3.6	2.511958425224569	0.511820257863654
1	0	3.6	2.076702342464958	0.6558667584361202
1	0	3.6	1.628642699190446	0.8176425488388573
1	0	3.6	1.17054193209677	0.9772616572394025
1	0	3.6	0.7052243847470262	1.108811850575025
1	0	3.6	0.235558894554412	1.18450574960224

1	0	3.7	5.995374217444337	0.09339991967461651
1	0	3.7	5.958410741729558	0.09458375689980487
1	0	3.7	5.884711682419383	0.09701278981115016
1	0	3.7	5.774731418721884	0.1008166933147677
1	0	3.7	5.629148015534905	0.1062087767801418
1	0	3.7	5.448859042950488	0.1135129094761867
1	0	3.7	5.234976042436783	0.1232082193075636
1	0	3.7	4.988817673815271	0.1360027722125305
1	0	3.7	4.71190158528447	0.1529562184566183
1	0	3.7	4.405935056614114	0.1756849646780859
1	0	3.7	4.07280447319765	0.2066944960539752
1	0	3.7	3.714563695859004	0.2498463971118342
1	0	3.7	3.333421398117614	0.310738410741224
1	0	3.7	2.93172744898173	0.3961748081603185
1	0	3.7	2.511958425224569	0.5114045500567104
1	0	3.7	2.076702342464958	0.6552751106084612
1	0	3.7	1.628642699190446	0.8168366628331186
1	0	3.7	1.17054193209677	0.9762304767034278
1	0	3.7	0.7052243847470262	1.107585142932944
1	0	3.7	0.235558894554412	1.183162299918337

1	0	3.8	5.995374217444337	0.0933536680634437
1	0	3.8	5.958410741729558	0.09453684873080033
1	0	3.8	5.884711682419383	0.09696452847366537
1	0	3.8	5.774731418721884	0.1007662965007972
1	0	3.8	5.629148015534905	0.1061553182138743
1	0	3.8	5.448859042950488	0.1134552374900209
1	0	3.8	5.234976042436783	0.1231448345997475
1	0	3.8	4.988817673815271	0.1359316327383964
1	0	3.8	4.71190158528447	0.1528744098741921
1	0	3.8	4.405935056614114	0.1755881139914785
1	0	3.8	4.07280447319765	0.2065756897880339
1	0	3.8	3.714563695859004	0.2496942012829165
1	0	3.8	3.333421398117614	0.3105336123793167
1	0	3.8	2.93172744898173	0.3958865395184203
1	0	3.8	2.511958425224569	0.5109893375129061
1	0	3.8	2.076702342464958	0.654684254124709
1	0	3.8	1.628642699190446	0.8160319576628322
1	0	3.8	1.17054193209677	0.9752009109059863
1	0	3.8	0.7052243847470262	1.106360444345336
1	0	3.8	0.235558894554412	1.181821102692291

1	0	3.9	5.995374217444337	0.09330744984018081
1	0	3.9	5.958410741729558	0.09448997445047541
1	0	3.9	5.884711682419383	0.0969163020598255
1	0	3.9	5.774731418721884	0.1007159362517806
1	0	3.9	5.629148015534905	0.1061018985833046
1	0	3.9	5.448859042950488	0.1133976077369487
1	0	3.9	5.234976042436783	0.1230814966633934
1	0	3.9	4.988817673815271	0.1358605463286623
1	0	3.9	4.71190158528447	0.1527926632826771
1	0	3.9	4.405935056614114	0.175491338457641
1	0	3.9	4.07280447319765	0.206456979198559
1	0	3.9	3.714563695859004	0.2495421354283871
1	0	3.9	3.333421398117614	0.3103290050594044
1	0	3.9	2.93172744898173	0.3955985730340006
1	0	3.9	2.511958425224569	0.5105746194153534
1	0	3.9	2.076702342464958	0.6540941875113815
1	0	3.9	1.628642699190446	0.8152284309269022
1	0	3.9	1.17054193209677	0.9741729563596624
1	0	3.9	0.7052243847470262	1.105137750298442
1	0	3.9	0.235558894554412	1.180482152758547

1	0	4	5.995374217444337	0.09326126497259386
1	0	4	5.958410741729558	0.09444313402610084
1	0	4	5.884711682419383	0.09686811053587352
1	0	4	5.774731418721884	0.1006656125323271
1	0	4	5.629148015534905	0.1060485178506725
1	0	4	5.448859042950488	0.1133400201758913
1	0	4	5.234976042436783	0.1230182054528101
1	0	4	4.988817673815271	0.1357895129311444
1	0	4	4.71190158528447	0.1527109786204525
1	0	4	4.405935056614114	0.1753946380004676
1	0	4	4.07280447319765	0.2063383641852915
1	0	4	3.714563695859004	0.2493901994031915
1	0	4	3.333421398117614	0.3101245885447775
1	0	4	2.93172744898173	0.3953109082763464
1	0	4	2.511958425224569	0.5101603949489731
1	0	4	2.076702342464958	0.6535049092986475
1	0	4	1.628642699190446	0.8144260802306879
1	0	4	1.17054193209677	0.9731466095869082
1	0	4	0.7052243847470262	1.103917056291658
1	0	4	0.235558894554412	1.179145444966877

1	0	4.100000000000001	5.995374217444337	0.09321511342848779
1	0	4.100000000000001	5.958410741729558	0.09439632742498616
1	0	4.100000000000001	5.884711682419383	0.09681995386809319
1	0	4.100000000000001	5.774731418721884	0.1006153253070889
1	0	4.100000000000001	5.629148015534905	0.1059951759782628
1	0	4.100000000000001	5.448859042950488	0.1132824747658206
1	0	4.100000000000001	5.234976042436783	0.1229549609223627
1	0	4.100000000000001	4.988817673815271	0.135718532493722
1	0	4.100000000000001	4.71190158528447	0.1526293558259736
1	0	4.100000000000001	4.405935056614114	0.1752980125439477
1	0	4.100000000000001	4.07280447319765	0.206219844648104
1	0	4.100000000000001	3.714563695859004	0.2492383930624764
1	0	4.100000000000001	3.333421398117614	0.3099203625991042
1	0	4.100000000000001	2.93172744898173	0.3950235448155565
1	0	4.100000000000001	2.511958425224569	0.5097466633004873
1	0	4.100000000000001	2.076702342464958	0.6529164180203202
1	0	4.100000000000001	1.628642699190446	0.8136249031859739
1	0	4.100000000000001	1.17054193209677	0.972121867119987
1	0	4.100000000000001	0.7052243847470262	1.102698357837523
1	0	4.100000000000001	0.235558894554412	1.177810974182334

1	0	4.2	5.995374217444337	0.09316899517570852
1	0	4.2	5.958410741729558	0.09434955461448109
1	0	4.2	5.884711682419383	0.09677183202280952
1	0	4.2	5.774731418721884	0.1005650745407623
1	0	4.2	5.629148015534905	0.1059418729284072
1	0	4.2	5.448859042950488	0.113224971465758
1	0	4.2	5.234976042436783	0.1228917630264724
1	0	4.2	4.988817673815271	0.1356476049643404
1	0	4.2	4.71190158528447	0.1525477948377725
1	0	4.2	4.405935056614114	0.1752014620121671
1	0	4.2	4.07280447319765	0.2061014204869994
1	0	4.2	3.714563695859004	0.249086716261594
1	0	4.2	3.333421398117614	0.3097163269864318
1	0	4.2	2.93172744898173	0.3947364822225405
1	0	4.2	2.511958425224569	0.5093334236583928
1	0	4.2	2.076702342464958	0.6523287122138499
1	0	4.2	1.628642699190446	0.8128248974109439
1	0	4.2	1.17054193209677	0.9710987255009621
1	0	4.2	0.7052243847470262	1.10148165046166
1	0	4.2	0.235558894554412	1.176478735285209

1	0	4.3	5.995374217444337	0.09312291018213915
1	0	4.3	5.958410741729558	0.09430281556197531
1	0	4.3	5.884711682419383	0.09672374496638864
1	0	4.3	5.774731418721884	0.1005148601980853
1	0	4.3	5.629148015534905	0.1058886086634831
1	0	4.3	5.448859042950488	0.1131675102347758
1	0	4.3	5.234976042436783	0.122828611719616
1	0	4.3	4.988817673815271	0.1355767302910071
1	0	4.3	4.71190158528447	0.1524662955944581
1	0	4.3	4.405935056614114	0.1751049863293069
1	0	4.3	4.07280447319765	0.2059830916021096
1	0	4.3	3.714563695859004	0.2489351688560968
1	0	4.3	3.333421398117614	0.3095124814711768
1	0	4.3	2.93172744898173	0.3944497200690108
1	0	4.3	2.511958425224569	0.5089206752129832
1	0	4.3	2.076702342464958	0.6517417904202979
1	0	4.3	1.628642699190446	0.8120260605301661
1	0	4.3	1.17054193209677	0.9700771812816361
1	0	4.3	0.7052243847470262	1.100266929702722
1	0	4.3	0.235558894554412	1.175148723170962

1	0	4.4	5.995374217444337	0.09307685841570285
1	0	4.4	5.958410741729558	0.0942561102348979
1	0	4.4	5.884711682419383	0.09667569266523807
1	0	4.4	5.774731418721884	0.1004646822438401
1	0	4.4	5.629148015534905	0.1058353831459142
1	0	4.4	5.448859042950488	0.1131100910319953
1	0	4.4	5.234976042436783	0.1227655069563263
1	0	4.4	4.988817673815271	0.1355059084217951
1	0	4.4	4.71190158528447	0.1523848580347136
1	0	4.4	4.405935056614114	0.175008585419645
1	0	4.4	4.07280447319765	0.2058648578936972
1	0	4.4	3.714563695859004	0.2487837507017399
1	0	4.4	3.333421398117614	0.3093088258181368
1	0	4.4	2.93172744898173	0.3941632579274875
1	0	4.4	2.511958425224569	0.5085084171563299
1	0	4.4	2.076702342464958	0.6511556511843484
1	0	4.4	1.628642699190446	0.8112283901745726
1	0	4.4	1.17054193209677	0.9690572310235369
1	0	4.4	0.7052243847470262	1.099054191112363
1	0	4.4	0.235558894554412	1.173820932750151

1	0	4.5	5.995374217444337	0.09303083984436146
1	0	4.5	5.958410741729558	0.094209438600718
1	0	4.5	5.884711682419383	0.09662767508580559
1	0	4.5	5.774731418721884	0.1004145406428508
1	0	4.5	5.629148015534905	0.1057821963381702
1	0	4.5	5.448859042950488	0.1130527138165884
1	0	4.5	5.234976042436783	0.1227024486911918
1	0	4.5	4.988817673815271	0.1354351393048405
1	0	4.5	4.71190158528447	0.1523034820973004
1	0	4.5	4.405935056614114	0.1749122592075508
1	0	4.5	4.07280447319765	0.2057467192621544
1	0	4.5	3.714563695859004	0.2486324616544831
1	0	4.5	3.333421398117614	0.3091053597924851
1	0	4.5	2.93172744898173	0.3938770953712986
1	0	4.5	2.511958425224569	0.5080966486822798
1	0	4.5	2.076702342464958	0.6505702930542717
1	0	4.5	1.628642699190446	0.8104318839814283
1	0	4.5	1.17054193209677	0.9680388712978735
1	0	4.5	0.7052243847470262	1.097843430255163
1	0	4.5	0.235558894554412	1.17249535894841

1	0	4.600000000000001	5.995374217444337	0.09298485443611655
1	0	4.600000000000001	5.958410741729558	0.09416280062694402
1	0	4.600000000000001	5.884711682419383	0.09657969219458028
1	0	4.600000000000001	5.774731418721884	0.1003644353599855
1	0	4.600000000000001	5.629148015534905	0.1057290482027655
1	0	4.600000000000001	5.448859042950488	0.1129953785477771
1	0	4.600000000000001	5.234976042436783	0.1226394368788565
1	0	4.600000000000001	4.988817673815271	0.1353644228883429
1	0	4.600000000000001	4.71190158528447	0.1522221677210536
1	0	4.600000000000001	4.405935056614114	0.1748160076174936
1	0	4.600000000000001	4.07280447319765	0.2056286756080035
1	0	4.600000000000001	3.714563695859004	0.2484813015704827
1	0	4.600000000000001	3.333421398117614	0.3089020831597622
1	0	4.600000000000001	2.93172744898173	0.3935912319745664
1	0	4.600000000000001	2.511958425224569	0.5076853689864491
1	0	4.600000000000001	2.076702342464958	0.6499857145819288
1	0	4.600000000000001	1.628642699190446	0.8096365395943188
1	0	4.600000000000001	1.17054193209677	0.9670220986855058
1	0	4.600000000000001	0.7052243847470262	1.096634642708614
1	0	4.600000000000001	0.235558894554412	1.171171996706354

1	0	4.7	5.995374217444337	0.09293890215900787
1	0	4.7	5.958410741729558	0.09411619628112398
1	0	4.7	5.884711682419383	0.09653174395809219
1	0	4.7	5.774731418721884	0.1003143663601536
1	0	4.7	5.629148015534905	0.1056759387022614
1	0	4.7	5.448859042950488	0.1129380851848331
1	0	4.7	5.234976042436783	0.12257647147402
1	0	4.7	4.988817673815271	0.1352937591205675
1	0	4.7	4.71190158528447	0.1521409148448859
1	0	4.7	4.405935056614114	0.1747198305740335
1	0	4.7	4.07280447319765	0.2055107268318951
1	0	4.7	3.714563695859004	0.2483302703060994
1	0	4.7	3.333421398117614	0.3086989956858888
1	0	4.7	2.93172744898173	0.3933056673122159
1	0	4.7	2.511958425224569	0.5072745772662183
1	0	4.7	2.076702342464958	0.6494019143227538
1	0	4.7	1.628642699190446	0.8088423546631271
1	0	4.7	1.17054193209677	0.9660069097769002
1	0	4.7	0.7052243847470262	1.095427824063046
1	0	4.7	0.235558894554412	1.169850840979575

1	0	4.800000000000001	5.995374217444337	0.09289298298111492
1	0	4.800000000000001	5.958410741729558	0.09406962553084565
1	0	4.800000000000001	5.884711682419383	0.09648383034291104
1	0	4.800000000000001	5.774731418721884	0.1002643336083091
1	0	4.800000000000001	5.629148015534905	0.1056228677992639
1	0	4.800000000000001	5.448859042950488	0.1128808336870773
1	0	4.800000000000001	5.234976042436783	0.1225135524314373
1	0	4.800000000000001	4.988817673815271	0.1352231479498394
1	0	4.800000000000001	4.71190158528447	0.1520597234077839
1	0	4.800000000000001	4.405935056614114	0.1746237280018273
1	0	4.800000000000001	4.07280447319765	0.2053928728346096
1	0	4.800000000000001	3.714563695859004	0.2481793677178948
1	0	4.800000000000001	3.333421398117614	0.3084960971371534
1	0	4.800000000000001	2.93172744898173	0.3930204009599708
1	0	4.800000000000001	2.511958425224569	0.5068642727207275
1	0	4.800000000000001	2.076702342464958	0.648818890835749
1	0	4.800000000000001	1.628642699190446	0.8080493268440069
1	0	4.800000000000001	1.17054193209677	0.9649933011721212
1	0	4.800000000000001	0.7052243847470262	1.094222969921588
1	0	4.800000000000001	0.235558894554412	1.168531886738542

1	0	4.9	5.995374217444337	0.09284709687055465
1	0	4.9	5.958410741729558	0.09402308834373607
1	0	4.9	5.884711682419383	0.09643595131564869
1	0	4.9	5.774731418721884	0.1002143370694473
1	0	4.9	5.629148015534905	0.1055698354564262
1	0	4.9	5.448859042950488	0.1128236240138812
1	0	4.9	5.234976042436783	0.1224506797059188
1	0	4.9	4.988817673815271	0.1351525893245506
1	0	4.9	4.71190158528447	0.1519785933488115
1	0	4.9	4.405935056614114	0.1745276998256269
1	0	4.9	4.07280447319765	0.2052751135170559
1	0	4.9	3.714563695859004	0.2480285936626294
1	0	4.9	3.333421398117614	0.3082933872802153
1	0	4.9	2.93172744898173	0.3927354324943493
1	0	4.9	2.511958425224569	0.506454454550878
1	0	4.9	2.076702342464958	0.648236642683468
1	0	4.9	1.628642699190446	0.8072574537993721
1	0	4.9	1.17054193209677	0.9639812694807615
1	0	4.9	0.7052243847470262	1.093020075900136
1	0	4.9	0.235558894554412	1.16721512896856

1	0	5	5.995374217444337	0.09280124379548457
1	0	5	5.958410741729558	0.09397658468746185
1	0	5	5.884711682419383	0.09638810684295704
1	0	5	5.774731418721884	0.1001643767086065
1	0	5	5.629148015534905	0.1055168416364449
1	0	5	5.448859042950488	0.1127664561246646
1	0	5	5.234976042436783	0.1223878532523308
1	0	5	4.988817673815271	0.1350820831931551
1	0	5	4.71190158528447	0.1518975246071058
1	0	5	4.405935056614114	0.1744317459702777
1	0	5	4.07280447319765	0.2051574487802716
1	0	5	3.714563695859004	0.2478779479972644
1	0	5	3.333421398117614	0.3080908658821052
1	0	5	2.93172744898173	0.3924507614926641
1	0	5	2.511958425224569	0.5060451219593124
1	0	5	2.076702342464958	0.6476551684320001
1	0	5	1.628642699190446	0.8064667331978541
1	0	5	1.17054193209677	0.9629708113219386
1	0	5	0.7052243847470262	1.091819137627279
1	0	5	0.235558894554412	1.165900562669724

1	0	5.100000000000001	5.995374217444337	0.09275542372409905
1	0	5.100000000000001	5.958410741729558	0.09393011452972845
1	0	5.100000000000001	5.884711682419383	0.09634029689152825
1	0	5.100000000000001	5.774731418721884	0.1001144524908682
1	0	5.100000000000001	5.629148015534905	0.1054638863020635
1	0	5.100000000000001	5.448859042950488	0.1127093299788984
1	0	5.100000000000001	5.234976042436783	0.1223250730255935
1	0	5.100000000000001	4.988817673815271	0.1350116295041702
1	0	5.100000000000001	4.71190158528447	0.1518165171218818
1	0	5.100000000000001	4.405935056614114	0.1743358663607193
1	0	5.100000000000001	4.07280447319765	0.2050398785254243
1	0	5.100000000000001	3.714563695859004	0.2477274305789608
1	0	5.100000000000001	3.333421398117614	0.3078885327102277
1	0	5.100000000000001	2.93172744898173	0.3921663875330184
1	0	5.100000000000001	2.511958425224569	0.5056362741504252
1	0	5.100000000000001	2.076702342464958	0.6470744666509688
1	0	5.100000000000001	1.628642699190446	0.8056771627143182
1	0	5.100000000000001	1.17054193209677	0.961961923324248
1	0	5.100000000000001	0.7052243847470262	1.090620150744279
1	0	5.100000000000001	0.235558894554412	1.164588182856853

1	0	5.2	5.995374217444337	0.09270963662463264
1	0	5.2	5.958410741729558	0.093883677838281
1	0	5.2	5.884711682419383	0.0962925214280954
1	0	5.2	5.774731418721884	0.1000645643813556
1	0	5.2	5.629148015534905	0.1054109694160706
1	0	5.2	5.448859042950488	0.1126522455361023
1	0	5.2	5.234976042436783	0.1222623389806832
1	0	5.2	4.988817673815271	0.134941228206177
1	0	5.2	4.71190158528447	0.1517355708324273
1	0	5.2	4.405935056614114	0.1742400609219862
1	0	5.2	4.07280447319765	0.2049224026538067
1	0	5.2	3.714563695859004	0.2475770412650794
1	0	5.2	3.333421398117614	0.3076863875323513
1	0	5.2	2.93172744898173	0.3918823101943074
1	0	5.2	2.511958425224569	0.505227910330344
1	0	5.2	2.076702342464958	0.6464945359135219
1	0	5.2	1.628642699190446	0.8048887400297978
1	0	5.2	1.17054193209677	0.96095460212573
1	0	5.2	0.7052243847470262	1.089423110905025
1	0	5.2	0.235558894554412	1.163277984559451

1	0	5.300000000000001	5.995374217444337	0.09266388246535799
1	0	5.300000000000001	5.958410741729558	0.09383727458090389
1	0	5.300000000000001	5.884711682419383	0.09624478041943194
1	0	5.300000000000001	5.774731418721884	0.1000147123452342
1	0	5.300000000000001	5.629148015534905	0.1053580909413
1	0	5.300000000000001	5.448859042950488	0.1125952027558443
1	0	5.300000000000001	5.234976042436783	0.1221996510726318
1	0	5.300000000000001	4.988817673815271	0.1348708792478189
1	0	5.300000000000001	4.71190158528447	0.1516546856781068
1	0	5.300000000000001	4.405935056614114	0.1741443295792064
1	0	5.300000000000001	4.07280447319765	0.2048050210668428
1	0	5.300000000000001	3.714563695859004	0.2474267799131791
1	0	5.300000000000001	3.333421398117614	0.3074844301166167
1	0	5.300000000000001	2.93172744898173	0.3915985290562091
1	0	5.300000000000001	2.511958425224569	0.5048200297069417
1	0	5.300000000000001	2.076702342464958	0.6459153747963043
1	0	5.300000000000001	1.628642699190446	0.8041014628315101
1	0	5.300000000000001	1.17054193209677	0.9599488443738399
1	0	5.300000000000001	0.7052243847470262	1.088228013775956
1	0	5.300000000000001	0.235558894554412	1.161969962821637

1	0	5.4	5.995374217444337	0.09261816121458573
1	0	5.4	5.958410741729558	0.0937909047254205
1	0	5.4	5.884711682419383	0.09619707383235201
1	0	5.4	5.774731418721884	0.09996489634771276
1	0	5.4	5.629148015534905	0.105305250840631
1	0	5.4	5.448859042950488	0.1125382015977438
1	0	5.4	5.234976042436783	0.1221370092565242
1	0	5.4	4.988817673815271	0.134800582577803
1	0	5.4	4.71190158528447	0.151573861598359
1	0	5.4	4.405935056614114	0.1740486722576035
1	0	5.4	4.07280447319765	0.2046877336660815
1	0	5.4	3.714563695859004	0.247276646381019
1	0	5.4	3.333421398117614	0.3072826602315278
1	0	5.4	2.93172744898173	0.3913150436991952
1	0	5.4	2.511958425224569	0.5044126314898117
1	0	5.4	2.076702342464958	0.6453369818794616
1	0	5.4	1.628642699190446	0.8033153288128154
1	0	5.4	1.17054193209677	0.958944646725413
1	0	5.4	0.7052243847470262	1.087034855036053
1	0	5.4	0.235558894554412	1.160664112702102

1	0	5.5	5.995374217444337	0.092572472840666
1	0	5.5	5.958410741729558	0.09374456823969327
1	0	5.5	5.884711682419383	0.09614940163370898
1	0	5.5	5.774731418721884	0.09991511635404184
1	0	5.5	5.629148015534905	0.1052524490769875
1	0	5.5	5.448859042950488	0.112481242021467
1	0	5.5	5.234976042436783	0.122074413487502
1	0	5.5	4.988817673815271	0.134730338144898
1	0	5.5	4.71190158528447	0.1514930985326971
1	0	5.5	4.405935056614114	0.1739530888824918
1	0	5.5	4.07280447319765	0.2045705403532029
1	0	5.5	3.714563695859004	0.2471266405265542
1	0	5.5	3.333421398117614	0.3070810776459616
1	0	5.5	2.93172744898173	0.3910318537045164
1	0	5.5	2.511958425224569	0.5040057148902752
1	0	5.5	2.076702342464958	0.6447593557466311
1	0	5.5	1.628642699190446	0.8025303356732022
1	0	5.5	1.17054193209677	0.9579420058466357
1	0	5.5	0.7052243847470262	1.085843630376784
1	0	5.5	0.235558894554412	1.159360429274056

1	0	5.600000000000001	5.995374217444337	0.09252681731198691
1	0	5.600000000000001	5.958410741729558	0.09369826509162349
1	0	5.600000000000001	5.884711682419383	0.0961017637903982
1	0	5.600000000000001	5.774731418721884	0.0998653723295142
1	0	5.600000000000001	5.629148015534905	0.105199685613339
1	0	5.600000000000001	5.448859042950488	0.1124243239867319
1	0	5.600000000000001	5.234976042436783	0.1220118637207615
1	0	5.600000000000001	4.988817673815271	0.134660145897938
1	0	5.600000000000001	4.71190158528447	0.1514123964207095
1	0	5.600000000000001	4.405935056614114	0.1738575793792822
1	0	5.600000000000001	4.07280447319765	0.2044534410300117
1	0	5.600000000000001	3.714563695859004	0.2469767622079402
1	0	5.600000000000001	3.333421398117614	0.3068796821291547
1	0	5.600000000000001	2.93172744898173	0.3907489586542074
1	0	5.600000000000001	2.511958425224569	0.503599279121378
1	0	5.600000000000001	2.076702342464958	0.6441824949849134
1	0	5.600000000000001	1.628642699190446	0.8017464811182661
1	0	5.600000000000001	1.17054193209677	0.9569409184130006
1	0	5.600000000000001	0.7052243847470262	1.084654335502029
1	0	5.600000000000001	0.235558894554412	1.15805890762517

1	0	5.7	5.995374217444337	0.09248119459697478
1	0	5.7	5.958410741729558	0.0936519952491522
1	0	5.7	5.884711682419383	0.09605416026935344
1	0	5.7	5.774731418721884	0.09981566423946493
1	0	5.7	5.629148015534905	0.1051469604126999
1	0	5.7	5.448859042950488	0.1123674474533037
1	0	5.7	5.234976042436783	0.1219493599115522
1	0	5.7	4.988817673815271	0.1345900057858165
1	0	5.7	4.71190158528447	0.1513317552020596
1	0	5.7	4.405935056614114	0.1737621436734782
1	0	5.7	4.07280447319765	0.2043364355984422
1	0	5.7	3.714563695859004	0.2468270112835287
1	0	5.7	3.333421398117614	0.306678473450714
1	0	5.7	2.93172744898173	0.3904663581310805
1	0	5.7	2.511958425224569	0.5031933233978804
1	0	5.7	2.076702342464958	0.6436063981848845
1	0	5.7	1.628642699190446	0.800963762859689
1	0	5.7	1.17054193209677	0.9559413811092929
1	0	5.7	0.7052243847470262	1.08346696612809
1	0	5.7	0.235558894554412	1.156759542857513

1	0	5.800000000000001	5.995374217444337	0.09243560466409374
1	0	5.800000000000001	5.958410741729558	0.09360575868025875
1	0	5.800000000000001	5.884711682419383	0.09600659103755045
1	0	5.800000000000001	5.774731418721884	0.09976599204927095
1	0	5.800000000000001	5.629148015534905	0.1050942734381298
1	0	5.800000000000001	5.448859042950488	0.1123106123809967
1	0	5.800000000000001	5.234976042436783	0.1218869020151801
1	0	5.800000000000001	4.988817673815271	0.1345199177574933
1	0	5.800000000000001	4.71190158528447	0.1512511748164846
1	0	5.800000000000001	4.405935056614114	0.1736667816906748
1	0	5.800000000000001	4.07280447319765	0.204219523960553
1	0	5.800000000000001	3.714563695859004	0.2466773876118706
1	0	5.800000000000001	3.333421398117614	0.30647745138061
1	0	5.800000000000001	2.93172744898173	0.3901840517187303
1	0	5.800000000000001	2.511958425224569	0.5027878469362496
1	0	5.800000000000001	2.076702342464958	0.6430310639405689
1	0	5.800000000000001	1.628642699190446	0.8001821786152221
1	0	5.800000000000001	1.17054193209677	0.9549433906295371
1	0	5.800000000000001	0.7052243847470262	1.082281517983593
1	0	5.800000000000001	0.235558894554412	1.155462330087542

1	0	5.9	5.995374217444337	0.09239004748184781
1	0	5.9	5.958410741729558	0.09355955535296114
1	0	5.9	5.884711682419383	0.0959590560620032
1	0	5.9	5.774731418721884	0.09971635572435222
1	0	5.9	5.629148015534905	0.1050416246527336
1	0	5.9	5.448859042950488	0.1122538187296756
1	0	5.9	5.234976042436783	0.1218244899870045
1	0	5.9	4.988817673815271	0.1344498817619875
1	0	5.9	4.71190158528447	0.1511706552037966
1	0	5.9	4.405935056614114	0.1735714933565639
1	0	5.9	4.07280447319765	0.204102706018532
1	0	5.9	3.714563695859004	0.2465278910517106
1	0	5.9	3.333421398117614	0.306276615689178
1	0	5.9	2.93172744898173	0.3899020390015265
1	0	5.9	2.511958425224569	0.502382848954662
1	0	5.9	2.076702342464958	0.6424564908494291
1	0	5.9	1.628642699190446	0.7994017261086582
1	0	5.9	1.17054193209677	0.9539469436769875
1	0	5.9	0.7052243847470262	1.081097986809486
1	0	5.9	0.235558894554412	1.154167264445983

1	0	6	5.995374217444337	0.09234452301877827
1	0	6	5.958410741729558	0.09351338523531647
1	0	6	5.884711682419383	0.0959115553097674
1	0	6	5.774731418721884	0.09966675523016928
1	0	6	5.629148015534905	0.1049890140196599
1	0	6	5.448859042950488	0.112197066459252
1	0	6	5.234976042436783	0.1217621237824396
1	0	6	4.988817673815271	0.1343798977483831
1	0	6	4.71190158528447	0.1510901963038818
1	0	6	4.405935056614114	0.1734762785969264
1	0	6	4.07280447319765	0.2039859816746927
1	0	6	3.714563695859004	0.2463785214619935
1	0	6	3.333421398117614	0.3060759661471097
1	0	6	2.93172744898173	0.3896203195646107
1	0	6	2.511958425224569	0.5019783286729927
1	0	6	2.076702342464958	0.6418826775123637
1	0	6	1.628642699190446	0.7986224030698218
1	0	6	1.17054193209677	0.9529520369640674
1	0	6	0.7052243847470262	1.079916368358959
1	0	6	0.235558894554412	1.152874341077846

1	0	6.100000000000001	5.995374217444337	0.09229903124346384
1	0	6.100000000000001	5.958410741729558	0.09346724829542122
1	0	6.100000000000001	5.884711682419383	0.09586408874793788
1	0	6.100000000000001	5.774731418721884	0.09961719053222552
1	0	6.100000000000001	5.629148015534905	0.1049364415021028
1	0	6.100000000000001	5.448859042950488	0.1121403555296882
1	0	6.100000000000001	5.234976042436783	0.1216998033569545
1	0	6.100000000000001	4.988817673815271	0.1343099656658248
1	0	6.100000000000001	4.71190158528447	0.1510097980567003
1	0	6.100000000000001	4.405935056614114	0.173381137337639
1	0	6.100000000000001	4.07280447319765	0.2038693508314758
1	0	6.100000000000001	3.714563695859004	0.2462292787018588
1	0	6.100000000000001	3.333421398117614	0.3058755025254725
1	0	6.100000000000001	2.93172744898173	0.3893388929939025
1	0	6.100000000000001	2.511958425224569	0.501574285312816
1	0	6.100000000000001	2.076702342464958	0.6413096225336893
1	0	6.100000000000001	1.628642699190446	0.7978442072345345
1	0	6.100000000000001	1.17054193209677	0.9519586672123669
1	0	6.100000000000001	0.7052243847470262	1.078736658397426
1	0	6.100000000000001	0.235558894554412	1.151583555142328

1	0	6.2	5.995374217444337	0.09225357212452223
1	0	6.2	5.958410741729558	0.09342114450140925
1	0	6.2	5.884711682419383	0.0958166563436491
1	0	6.2	5.774731418721884	0.09956766159606646
1	0	6.2	5.629148015534905	0.1048839070633012
1	0	6.2	5.448859042950488	0.1120836859009933
1	0	6.2	5.234976042436783	0.1216375286660716
1	0	6.2	4.988817673815271	0.1342400854635211
1	0	6.2	4.71190158528447	0.1509294604022855
1	0	6.2	4.405935056614114	0.1732860695046717
1	0	6.2	4.07280447319765	0.2037528133914467
1	0	6.2	3.714563695859004	0.2460801626306408
1	0	6.2	3.333421398117614	0.3056752245956827
1	0	6.2	2.93172744898173	0.3890577588760876
1	0	6.2	2.511958425224569	0.5011707180973971
1	0	6.2	2.076702342464958	0.6407373245211326
1	0	6.2	1.628642699190446	0.797067136344607
1	0	6.2	1.17054193209677	0.9509668311525885
1	0	6.2	0.7052243847470262	1.077558852702474
1	0	6.2	0.235558894554412	1.150294901812773

1	0	6.300000000000001	5.995374217444337	0.09220814563060925
1	0	6.300000000000001	5.958410741729558	0.09337507382145402
1	0	6.300000000000001	5.884711682419383	0.09576925806407623
1	0	6.300000000000001	5.774731418721884	0.09951816838727845
1	0	6.300000000000001	5.629148015534905	0.1048314106665385
1	0	6.300000000000001	5.448859042950488	0.1120270575332273
1	0	6.300000000000001	5.234976042436783	0.1215752996653687
1	0	6.300000000000001	4.988817673815271	0.1341702570907406
1	0	6.300000000000001	4.71190158528447	0.1508491832807468
1	0	6.300000000000001	4.405935056614114	0.1731910750240839
1	0	6.300000000000001	4.07280447319765	0.2036363692572993
1	0	6.300000000000001	3.714563695859004	0.2459311731078718
1	0	6.300000000000001	3.333421398117614	0.3054751321295262
1	0	6.300000000000001	2.93172744898173	0.3887769167986251
1	0	6.300000000000001	2.511958425224569	0.5007676262516861
1	0	6.300000000000001	2.076702342464958	0.6401657820858271
1	0	6.300000000000001	1.628642699190446	0.7962911881478222
1	0	6.300000000000001	1.17054193209677	0.9499765255245308
1	0	6.300000000000001	0.7052243847470262	1.076382947063814
1	0	6.300000000000001	0.235558894554412	1.149008376276634

1	0	6.4	5.995374217444337	0.09216275173041855
1	0	6.4	5.958410741729558	0.09332903622376762
1	0	6.4	5.884711682419383	0.09572189387643333
1	0	6.4	5.774731418721884	0.09946871087149017
1	0	6.4	5.629148015534905	0.1047789522751432
1	0	6.4	5.448859042950488	0.1119704703864965
1	0	6.4	5.234976042436783	0.1215131163104765
1	0	6.4	4.988817673815271	0.1341004804968157
1	0	6.4	4.71190158528447	0.1507689666322671
1	0	6.4	4.405935056614114	0.1730961538220296
1	0	6.4	4.07280447319765	0.2035200183318516
1	0	6.4	3.714563695859004	0.2457823099932792
1	0	6.4	3.333421398117614	0.3052752248991445
1	0	6.4	2.93172744898173	0.3884963663497377
1	0	6.4	2.511958425224569	0.5003650090023182
1	0	6.4	2.076702342464958	0.6395949938422778
1	0	6.4	1.628642699190446	0.7955163603978931
1	0	6.4	1.17054193209677	0.9489877470770418
1	0	6.4	0.7052243847470262	1.075208937283241
1	0	6.4	0.235558894554412	1.147723973735411

1	0	6.5	5.995374217444337	0.09211739039268156
1	0	6.5	5.958410741729558	0.09328303167660029
1	0	6.5	5.884711682419383	0.09567456374797551
1	0	6.5	5.774731418721884	0.09941928901437232
1	0	6.5	5.629148015534905	0.1047265318524871
1	0	6.5	5.448859042950488	0.1119139244209577
1	0	6.5	5.234976042436783	0.121450978557081
1	0	6.5	4.988817673815271	0.1340307556311402
1	0	6.5	4.71190158528447	0.1506888103971002
1	0	6.5	4.405935056614114	0.1730013058247567
1	0	6.5	4.07280447319765	0.2034037605180488
1	0	6.5	3.714563695859004	0.245633573146783
1	0	6.5	3.333421398117614	0.3050755026770407
1	0	6.5	2.93172744898173	0.3882161071184148
1	0	6.5	2.511958425224569	0.4999628655776021
1	0	6.5	2.076702342464958	0.6390249584083856
1	0	6.5	1.628642699190446	0.7947426508544759
1	0	6.5	1.17054193209677	0.9480004925680013
1	0	6.5	0.7052243847470262	1.074036819174599
1	0	6.5	0.235558894554412	1.14644168940459

1	0	6.600000000000001	5.995374217444337	0.0920720615861675
1	0	6.600000000000001	5.958410741729558	0.09323706014824046
1	0	6.600000000000001	5.884711682419383	0.09562726764599583
1	0	6.600000000000001	5.774731418721884	0.09936990278163657
1	0	6.600000000000001	5.629148015534905	0.1046741493619879
1	0	6.600000000000001	5.448859042950488	0.1118574195968145
1	0	6.600000000000001	5.234976042436783	0.1213888863609214
1	0	6.600000000000001	4.988817673815271	0.1339610824431702
1	0	6.600000000000001	4.71190158528447	0.1506087145155774
1	0	6.600000000000001	4.405935056614114	0.1729065309586014
1	0	6.600000000000001	4.07280447319765	0.2032875957189588
1	0	6.600000000000001	3.714563695859004	0.2454849624285005
1	0	6.600000000000001	3.333421398117614	0.3048759652360764
1	0	6.600000000000001	2.93172744898173	0.3879361386944098
1	0	6.600000000000001	2.511958425224569	0.4995611952075216
1	0	6.600000000000001	2.076702342464958	0.6384556744054063
1	0	6.600000000000001	1.628642699190446	0.7939700572831153
1	0	6.600000000000001	1.17054193209677	0.947014758764285
1	0	6.600000000000001	0.7052243847470262	1.072866588563714
1	0	6.600000000000001	0.235558894554412	1.145161518513613

1	0	6.7	5.995374217444337	0.09202676527968369
1	0	6.7	5.958410741729558	0.09319112160701552
1	0	6.7	5.884711682419383	0.09558000553782858
1	0	6.7	5.774731418721884	0.09932055213903676
1	0	6.7	5.629148015534905	0.1046218047671071
1	0	6.7	5.448859042950488	0.1118009558743196
1	0	6.7	5.234976042436783	0.1213268396777909
1	0	6.7	4.988817673815271	0.133891460882423
1	0	6.7	4.71190158528447	0.150528678928101
1	0	6.7	4.405935056614114	0.1728118291499955
1	0	6.7	4.07280447319765	0.2031715238377783
1	0	6.7	3.714563695859004	0.245336477698742
1	0	6.7	3.333421398117614	0.3046766123494706
1	0	6.7	2.93172744898173	0.3876564606682358
1	0	6.7	2.511958425224569	0.4991599971237283
1	0	6.7	2.076702342464958	0.6378871404579595
1	0	6.7	1.628642699190446	0.7931985774552558
1	0	6.7	1.17054193209677	0.9460305424417199
1	0	6.7	0.7052243847470262	1.071698241288378
1	0	6.7	0.235558894554412	1.143883456305819

1	0	6.800000000000001	5.995374217444337	0.09198150144207504
1	0	6.800000000000001	5.958410741729558	0.09314521602129114
1	0	6.800000000000001	5.884711682419383	0.09553277739084692
1	0	6.800000000000001	5.774731418721884	0.09927123705236797
1	0	6.800000000000001	5.629148015534905	0.1045694980313496
1	0	6.800000000000001	5.448859042950488	0.1117445332137746
1	0	6.800000000000001	5.234976042436783	0.1212648384635373
1	0	6.800000000000001	4.988817673815271	0.133821890898479
1	0	6.800000000000001	4.71190158528447	0.1504487035751475
1	0	6.800000000000001	4.405935056614114	0.1727172003254629
1	0	6.800000000000001	4.07280447319765	0.2030555447778274
1	0	6.800000000000001	3.714563695859004	0.2451881188180128
1	0	6.800000000000001	3.333421398117614	0.3044774437908021
1	0	6.800000000000001	2.93172744898173	0.3873770726311691
1	0	6.800000000000001	2.511958425224569	0.4987592705595361
1	0	6.800000000000001	2.076702342464958	0.6373193551940093
1	0	6.800000000000001	1.628642699190446	0.792428209148202
1	0	6.800000000000001	1.17054193209677	0.9450478403850823
1	0	6.800000000000001	0.7052243847470262	1.070531773198302
1	0	6.800000000000001	0.235558894554412	1.142607498038386

1	0	6.9	5.995374217444337	0.09193627004222428
1	0	6.9	5.958410741729558	0.09309934335947116
1	0	6.9	5.884711682419383	0.0954855831724629
1	0	6.9	5.774731418721884	0.09922195748746676
1	0	6.9	5.629148015534905	0.1045172291182664
1	0	6.9	5.448859042950488	0.1116881515755283
1	0	6.9	5.234976042436783	0.1212028826740605
1	0	6.9	4.988817673815271	0.1337523724409777
1	0	6.9	4.71190158528447	0.1503687883972659
1	0	6.9	4.405935056614114	0.1726226444116155
1	0	6.9	4.07280447319765	0.2029396584425506
1	0	6.9	3.714563695859004	0.2450398856470101
1	0	6.9	3.333421398117614	0.3042784593340058
1	0	6.9	2.93172744898173	0.3870979741752412
1	0	6.9	2.511958425224569	0.4983590147499176
1	0	6.9	2.076702342464958	0.6367523172448545
1	0	6.9	1.628642699190446	0.7916589501451048
1	0	6.9	1.17054193209677	0.9440666493880382
1	0	6.9	0.7052243847470262	1.069367180155051
1	0	6.9	0.235558894554412	1.141333638982287

1	0	7	5.995374217444337	0.09189107104905153
1	0	7	5.958410741729558	0.09305350358999738
1	0	7	5.884711682419383	0.09543842285012938
1	0	7	5.774731418721884	0.09917271341021078
1	0	7	5.629148015534905	0.1044649979914515
1	0	7	5.448859042950488	0.1116318109199782
1	0	7	5.234976042436783	0.1211409722653164
1	0	7	4.988817673815271	0.1336829054596227
1	0	7	4.71190158528447	0.1502889333350799
1	0	7	4.405935056614114	0.1725281613351605
1	0	7	4.07280447319765	0.202823864735519
1	0	7	3.714563695859004	0.244891778046627
1	0	7	3.333421398117614	0.3040796587533697
1	0	7	2.93172744898173	0.386819164893241
1	0	7	2.511958425224569	0.4979592289315007
1	0	7	2.076702342464958	0.6361860252451168
1	0	7	1.628642699190446	0.7908907982349414
1	0	7	1.17054193209677	0.9430869662531237
1	0	7	0.7052243847470262	1.068204458032034
1	0	7	0.235558894554412	1.140061874422259

1	0	7.100000000000001	5.995374217444337	0.09184590443151538
1	0	7.100000000000001	5.958410741729558	0.09300769668135045
1	0	7.100000000000001	5.884711682419383	0.09539129639133788
1	0	7.100000000000001	5.774731418721884	0.09912350478651966
1	0	7.100000000000001	5.629148015534905	0.104412804614543
1	0	7.100000000000001	5.448859042950488	0.1115755112075696
1	0	7.100000000000001	5.234976042436783	0.1210791071933124
1	0	7.100000000000001	4.988817673815271	0.1336134899041772
1	0	7.100000000000001	4.71190158528447	0.1502091383292854
1	0	7.100000000000001	4.405935056614114	0.1724337510228963
1	0	7.100000000000001	4.07280447319765	0.2027081635604254
1	0	7.100000000000001	3.714563695859004	0.2447437958779463
1	0	7.100000000000001	3.333421398117614	0.3038810418235404
1	0	7.100000000000001	2.93172744898173	0.3865406443787103
1	0	7.100000000000001	2.511958425224569	0.4975599123425622
1	0	7.100000000000001	2.076702342464958	0.6356204778327429
1	0	7.100000000000001	1.628642699190446	0.790123751212502
1	0	7.100000000000001	1.17054193209677	0.9421087877917184
1	0	7.100000000000001	0.7052243847470262	1.067043602714431
1	0	7.100000000000001	0.235558894554412	1.138792199656704

1	0	7.2	5.995374217444337	0.09180077015861034
1	0	7.2	5.958410741729558	0.09296192260204844
1	0	7.2	5.884711682419383	0.0953442037636186
1	0	7.2	5.774731418721884	0.0990743315823534
1	0	7.2	5.629148015534905	0.1043606489512236
1	0	7.2	5.448859042950488	0.1115192523987966
1	0	7.2	5.234976042436783	0.1210172874141109
1	0	7.2	4.988817673815271	0.1335441257244671
1	0	7.2	4.71190158528447	0.1501294033206516
1	0	7.2	4.405935056614114	0.1723394134017112
1	0	7.2	4.07280447319765	0.2025925548210902
1	0	7.2	3.714563695859004	0.244595939002247
1	0	7.2	3.333421398117614	0.3036826083195175
1	0	7.2	2.93172744898173	0.3862624122259476
1	0	7.2	2.511958425224569	0.4971610642230209
1	0	7.2	2.076702342464958	0.6350556736489769
1	0	7.2	1.628642699190446	0.7893578068783593
1	0	7.2	1.17054193209677	0.9411321108240117
1	0	7.2	0.7052243847470262	1.065884610099178
1	0	7.2	0.235558894554412	1.137524609997694

1	0	7.300000000000001	5.995374217444337	0.09175566819937012
1	0	7.300000000000001	5.958410741729558	0.09291618132064805
1	0	7.300000000000001	5.884711682419383	0.09529714493454236
1	0	7.300000000000001	5.774731418721884	0.09902519376371448
1	0	7.300000000000001	5.629148015534905	0.1043085309652197
1	0	7.300000000000001	5.448859042950488	0.1114630344541997
1	0	7.300000000000001	5.234976042436783	0.1209555128838269
1	0	7.300000000000001	4.988817673815271	0.1334748128703791
1	0	7.300000000000001	4.71190158528447	0.1500497282500191
1	0	7.300000000000001	4.405935056614114	0.172245148398586
1	0	7.300000000000001	4.07280447319765	0.2024770384214553
1	0	7.300000000000001	3.714563695859004	0.2444482072809977
1	0	7.300000000000001	3.333421398117614	0.3034843580166565
1	0	7.300000000000001	2.93172744898173	0.3859844680299958
1	0	7.300000000000001	2.511958425224569	0.4967626838144386
1	0	7.300000000000001	2.076702342464958	0.6344916113383484
1	0	7.300000000000001	1.628642699190446	0.7885929630388635
1	0	7.300000000000001	1.17054193209677	0.9401569321789639
1	0	7.300000000000001	0.7052243847470262	1.064727476094912
1	0	7.300000000000001	0.235558894554412	1.136259100770897

1	0	7.4	5.995374217444337	0.09171059852286501
1	0	7.4	5.958410741729558	0.09287047280574398
1	0	7.4	5.884711682419383	0.09525011987171871
1	0	7.4	5.774731418721884	0.0989760912966452
1	0	7.4	5.629148015534905	0.1042564506203019
1	0	7.4	5.448859042950488	0.1114068573343691
1	0	7.4	5.234976042436783	0.120893783558629
1	0	7.4	4.988817673815271	0.1334055512918604
1	0	7.4	4.71190158528447	0.149970113058304
1	0	7.4	4.405935056614114	0.172150955940591
1	0	7.4	4.07280447319765	0.202361614265589
1	0	7.4	3.714563695859004	0.2443006005758615
1	0	7.4	3.333421398117614	0.3032862906906643
1	0	7.4	2.93172744898173	0.385706811386653
1	0	7.4	2.511958425224569	0.496364770360014
1	0	7.4	2.076702342464958	0.6339282895486962
1	0	7.4	1.628642699190446	0.7878292175061017
1	0	7.4	1.17054193209677	0.9391832486942906
1	0	7.4	0.7052243847470262	1.063572196621922
1	0	7.4	0.235558894554412	1.134995667315519

1	0	7.5	5.995374217444337	0.09166556109820251
1	0	7.5	5.958410741729558	0.09282479702596833
1	0	7.5	5.884711682419383	0.09520312854279568
1	0	7.5	5.774731418721884	0.09892702414722987
1	0	7.5	5.629148015534905	0.1042044078802844
1	0	7.5	5.448859042950488	0.1113507209999417
1	0	7.5	5.234976042436783	0.120832099394739
1	0	7.5	4.988817673815271	0.133336340938921
1	0	7.5	4.71190158528447	0.1498905576864924
1	0	7.5	4.405935056614114	0.1720568359548899
1	0	7.5	4.07280447319765	0.2022462822576801
1	0	7.5	3.714563695859004	0.2441531187486906
1	0	7.5	3.333421398117614	0.3030884061175995
1	0	7.5	2.93172744898173	0.3854294418924606
1	0	7.5	2.511958425224569	0.49596732310457
1	0	7.5	2.076702342464958	0.6333657069311117
1	0	7.5	1.628642699190446	0.7870665680979051
1	0	7.5	1.17054193209677	0.9382110572164208
1	0	7.5	0.7052243847470262	1.062418767612111
1	0	7.5	0.235558894554412	1.133734304984277

1	0	7.600000000000001	5.995374217444337	0.09162055589452815
1	0	7.600000000000001	5.958410741729558	0.09277915394999145
1	0	7.600000000000001	5.884711682419383	0.0951561709154615
1	0	7.600000000000001	5.774731418721884	0.0988779922815932
1	0	7.600000000000001	5.629148015534905	0.1041524027090254
1	0	7.600000000000001	5.448859042950488	0.1112946254116018
1	0	7.600000000000001	5.234976042436783	0.1207704603484325
1	0	7.600000000000001	4.988817673815271	0.1332671817616302
1	0	7.600000000000001	4.71190158528447	0.1498110620756437
1	0	7.600000000000001	4.405935056614114	0.1719627883687367
1	0	7.600000000000001	4.07280447319765	0.2021310423020445
1	0	7.600000000000001	3.714563695859004	0.2440057616615295
1	0	7.600000000000001	3.333421398117614	0.3028907040738731
1	0	7.600000000000001	2.93172744898173	0.3851523591447056
1	0	7.600000000000001	2.511958425224569	0.4955703412945646
1	0	7.600000000000001	2.076702342464958	0.632803862139957
1	0	7.600000000000001	1.628642699190446	0.7863050126378144
1	0	7.600000000000001	1.17054193209677	0.9372403546004717
1	0	7.600000000000001	0.7052243847470262	1.061267185008996
1	0	7.600000000000001	0.235558894554412	1.132475009143329

1	0	7.7	5.995374217444337	0.09157558288102402
1	0	7.7	5.958410741729558	0.09273354354652168
1	0	7.7	5.884711682419383	0.09510924695744237
1	0	7.7	5.774731418721884	0.09882899566590178
1	0	7.7	5.629148015534905	0.1041004350704267
1	0	7.7	5.448859042950488	0.1112385705300823
1	0	7.7	5.234976042436783	0.1207088663760372
1	0	7.7	4.988817673815271	0.1331980737101183
1	0	7.7	4.71190158528447	0.1497316261668911
1	0	7.7	4.405935056614114	0.1718688131094738
1	0	7.7	4.07280447319765	0.2020158943031187
1	0	7.7	3.714563695859004	0.2438585291766153
1	0	7.7	3.333421398117614	0.3026931843362509
1	0	7.7	2.93172744898173	0.3848755627414201
1	0	7.7	2.511958425224569	0.4951738241780716
1	0	7.7	2.076702342464958	0.632242753832849
1	0	7.7	1.628642699190446	0.7855445489550573
1	0	7.7	1.17054193209677	0.9362711377102174
1	0	7.7	0.7052243847470262	1.060117444767586
1	0	7.7	0.235558894554412	1.131217775172253

1	0	7.800000000000001	5.995374217444337	0.09153064202690972
1	0	7.800000000000001	5.958410741729558	0.09268796578430508
1	0	7.800000000000001	5.884711682419383	0.09506235663650466
1	0	7.800000000000001	5.774731418721884	0.09878003426636174
1	0	7.800000000000001	5.629148015534905	0.1040485049284338
1	0	7.800000000000001	5.448859042950488	0.1111825563161636
1	0	7.800000000000001	5.234976042436783	0.1206473174339347
1	0	7.800000000000001	4.988817673815271	0.1331290167345783
1	0	7.800000000000001	4.71190158528447	0.1496522499014388
1	0	7.800000000000001	4.405935056614114	0.1717749101045371
1	0	7.800000000000001	4.07280447319765	0.2019008381654647
1	0	7.800000000000001	3.714563695859004	0.2437114211563743
1	0	7.800000000000001	3.333421398117614	0.3024958466818441
1	0	7.800000000000001	2.93172744898173	0.3845990522813763
1	0	7.800000000000001	2.511958425224569	0.4947777710047839
1	0	7.800000000000001	2.076702342464958	0.6316823806706486
1	0	7.800000000000001	1.628642699190446	0.7847851748845395
1	0	7.800000000000001	1.17054193209677	0.9353034034180625
1	0	7.800000000000001	0.7052243847470262	1.058969542854408
1	0	7.800000000000001	0.235558894554412	1.129962598463959

1	0	7.9	5.995374217444337	0.09148573330144207
1	0	7.9	5.958410741729558	0.09264242063212573
1	0	7.9	5.884711682419383	0.09501549992045233
1	0	7.9	5.774731418721884	0.09873110804922115
1	0	7.9	5.629148015534905	0.1039966122470361
1	0	7.9	5.448859042950488	0.1111265827306734
1	0	7.9	5.234976042436783	0.1205858134785591
1	0	7.9	4.988817673815271	0.1330600107852612
1	0	7.9	4.71190158528447	0.1495729332205624
1	0	7.9	4.405935056614114	0.1716810792814512
1	0	7.9	4.07280447319765	0.2017858737937659
1	0	7.9	3.714563695859004	0.2435644374634235
1	0	7.9	3.333421398117614	0.3022986908881159
1	0	7.9	2.93172744898173	0.3843228273640905
1	0	7.9	2.511958425224569	0.4943821810260065
1	0	7.9	2.076702342464958	0.6311227413174515
1	0	7.9	1.628642699190446	0.7840268882668243
1	0	7.9	1.17054193209677	0.9343371486050054
1	0	7.9	0.7052243847470262	1.057823475247445
1	0	7.9	0.235558894554412	1.128709474424682

1	0	8	5.995374217444337	0.09144085667391502
1	0	8	5.958410741729558	0.09259690805880473
1	0	8	5.884711682419383	0.09496867677712957
1	0	8	5.774731418721884	0.09868221698076862
1	0	8	5.629148015534905	0.1039447569902664
1	0	8	5.448859042950488	0.1110706497344864
1	0	8	5.234976042436783	0.1205243544663984
1	0	8	4.988817673815271	0.1329910558124809
1	0	8	4.71190158528447	0.1494936760656123
1	0	8	4.405935056614114	0.1715873205678321
1	0	8	4.07280447319765	0.2016710010928288
1	0	8	3.714563695859004	0.2434175779605696
1	0	8	3.333421398117614	0.3021017167328773
1	0	8	2.93172744898173	0.3840468875898103
1	0	8	2.511958425224569	0.4939870534946557
1	0	8	2.076702342464958	0.6305638344405747
1	0	8	1.628642699190446	0.7832696869481103
1	0	8	1.17054193209677	0.9333723701606154
1	0	8	0.7052243847470262	1.056679237936094
1	0	8	0.235558894554412	1.127458398473913

1	0	8.1	5.995374217444337	0.09139601211365951
1	0	8.1	5.958410741729558	0.09255142803320107
1	0	8.1	5.884711682419383	0.09492188717441875
1	0	8.1	5.774731418721884	0.09863336102733333
1	0	8.1	5.629148015534905	0.1038929391222009
1	0	8.1	5.448859042950488	0.1110147572885249
1	0	8.1	5.234976042436783	0.1204629403539916
1	0	8.1	4.988817673815271	0.1329221517666112
1	0	8.1	4.71190158528447	0.1494144783780078
1	0	8.1	4.405935056614114	0.1714936338913859
1	0	8.1	4.07280447319765	0.2015562199675823
1	0	8.1	3.714563695859004	0.2432708425108086
1	0	8.1	3.333421398117614	0.3019049239942891
1	0	8.1	2.93172744898173	0.3837712325595279
1	0	8.1	2.511958425224569	0.4935923876652474
1	0	8.1	2.076702342464958	0.630005658710547
1	0	8.1	1.628642699190446	0.7825135687802129
1	0	8.1	1.17054193209677	0.9324090649829982
1	0	8.1	0.7052243847470262	1.05553682692112
1	0	8.1	0.235558894554412	1.126209366044352

1	0	8.200000000000001	5.995374217444337	0.09135119959004376
1	0	8.200000000000001	5.958410741729558	0.09250598052421152
1	0	8.200000000000001	5.884711682419383	0.09487513108024059
1	0	8.200000000000001	5.774731418721884	0.09858454015528527
1	0	8.200000000000001	5.629148015534905	0.1038411586069588
1	0	8.200000000000001	5.448859042950488	0.1109589053537592
1	0	8.200000000000001	5.234976042436783	0.1204015710979321
1	0	8.200000000000001	4.988817673815271	0.1328532985980854
1	0	8.200000000000001	4.71190158528447	0.1493353400992422
1	0	8.200000000000001	4.405935056614114	0.1714000191799072
1	0	8.200000000000001	4.07280447319765	0.2014415303230794
1	0	8.200000000000001	3.714563695859004	0.2431242309773286
1	0	8.200000000000001	3.333421398117614	0.3017083124508603
1	0	8.200000000000001	2.93172744898173	0.383495861874962
1	0	8.200000000000001	2.511958425224569	0.4931981827939003
1	0	8.200000000000001	2.076702342464958	0.629448212801107
1	0	8.200000000000001	1.628642699190446	0.7817585316205501
1	0	8.200000000000001	1.17054193209677	0.9314472299787728
1	0	8.200000000000001	0.7052243847470262	1.05439623821463
1	0	8.200000000000001	0.235558894554412	1.124962372581863

1	0	8.300000000000001	5.995374217444337	0.09130641907247143
1	0	8.300000000000001	5.958410741729558	0.09246056550077025
1	0	8.300000000000001	5.884711682419383	0.09482840846255514
1	0	8.300000000000001	5.774731418721884	0.0985357543310352
1	0	8.300000000000001	5.629148015534905	0.1037894154087042
1	0	8.300000000000001	5.448859042950488	0.1109030938912062
1	0	8.300000000000001	5.234976042436783	0.1203402466548652
1	0	8.300000000000001	4.988817673815271	0.1327844962573986
1	0	8.300000000000001	4.71190158528447	0.1492562611708805
1	0	8.300000000000001	4.405935056614114	0.1713064763612827
1	0	8.300000000000001	4.07280447319765	0.2013269320644931
1	0	8.300000000000001	3.714563695859004	0.2429777432235041
1	0	8.300000000000001	3.333421398117614	0.301511881881444
1	0	8.300000000000001	2.93172744898173	0.3832207751385713
1	0	8.300000000000001	2.511958425224569	0.4928044381383254
1	0	8.300000000000001	2.076702342464958	0.6288914953891847
1	0	8.300000000000001	1.628642699190446	0.7810045733321166
1	0	8.300000000000001	1.17054193209677	0.930486862063033
1	0	8.300000000000001	0.7052243847470262	1.053257467840024
1	0	8.300000000000001	0.235558894554412	1.123717413545428

1	0	8.4	5.995374217444337	0.0912616705303856
1	0	8.4	5.958410741729558	0.09241518293184907
1	0	8.4	5.884711682419383	0.09478171928936108
1	0	8.4	5.774731418721884	0.09848700352103353
1	0	8.4	5.629148015534905	0.1037377094916426
1	0	8.4	5.448859042950488	0.1108473228619305
1	0	8.4	5.234976042436783	0.1202789669814888
1	0	8.4	4.988817673815271	0.1327157446951044
1	0	8.4	4.71190158528447	0.1491772415345585
1	0	8.4	4.405935056614114	0.1712130053634876
1	0	8.4	4.07280447319765	0.20121242509712
1	0	8.4	3.714563695859004	0.2428313791128988
1	0	8.4	3.333421398117614	0.3013156320652419
1	0	8.4	2.93172744898173	0.3829459719535414
1	0	8.4	2.511958425224569	0.4924111529578268
1	0	8.4	2.076702342464958	0.6283355051548926
1	0	8.4	1.628642699190446	0.7802516917834762
1	0	8.4	1.17054193209677	0.9295279581593242
1	0	8.4	0.7052243847470262	1.052120511831945
1	0	8.4	0.235558894554412	1.122474484407108

1	0	8.5	5.995374217444337	0.09121695393326458
1	0	8.5	5.958410741729558	0.09236983278645682
1	0	8.5	5.884711682419383	0.09473506352869551
1	0	8.5	5.774731418721884	0.09843828769177246
1	0	8.5	5.629148015534905	0.1036860408200238
1	0	8.5	5.448859042950488	0.1107915922270428
1	0	8.5	5.234976042436783	0.1202177320345536
1	0	8.5	4.988817673815271	0.1326470438618201
1	0	8.5	4.71190158528447	0.1490982811319831
1	0	8.5	4.405935056614114	0.1711196061145864
1	0	8.5	4.07280447319765	0.201098009326377
1	0	8.5	3.714563695859004	0.2426851385092659
1	0	8.5	3.333421398117614	0.301119562781801
1	0	8.5	2.93172744898173	0.3826714519237902
1	0	8.5	2.511958425224569	0.4920183265132926
1	0	8.5	2.076702342464958	0.6277802407815229
1	0	8.5	1.628642699190446	0.7794998848487323
1	0	8.5	1.17054193209677	0.9285705151996213
1	0	8.5	0.7052243847470262	1.050985366236274
1	0	8.5	0.235558894554412	1.121233580651977

1	0	8.6	5.995374217444337	0.09117226925062349
1	0	8.6	5.958410741729558	0.0923245150336398
1	0	8.6	5.884711682419383	0.09468844114863371
1	0	8.6	5.774731418721884	0.09838960680978415
1	0	8.6	5.629148015534905	0.1036344093581406
1	0	8.6	5.448859042950488	0.1107359019477017
1	0	8.6	5.234976042436783	0.1201565417708628
1	0	8.6	4.988817673815271	0.132578393708218
1	0	8.6	4.71190158528447	0.1490193799049349
1	0	8.6	4.405935056614114	0.1710262785427355
1	0	8.6	4.07280447319765	0.2009836846578047
1	0	8.6	3.714563695859004	0.2425390212765464
1	0	8.6	3.333421398117614	0.3009236738110128
1	0	8.6	2.93172744898173	0.3823972146539609
1	0	8.6	2.511958425224569	0.4916259580671957
1	0	8.6	2.076702342464958	0.6272257009555238
1	0	8.6	1.628642699190446	0.7787491504075162
1	0	8.6	1.17054193209677	0.9276145301242796
1	0	8.6	0.7052243847470262	1.049852027110049
1	0	8.6	0.235558894554412	1.1199946977781

1	0	8.700000000000001	5.995374217444337	0.09112761645201464
1	0	8.700000000000001	5.958410741729558	0.09227922964248213
1	0	8.700000000000001	5.884711682419383	0.0946418521172905
1	0	8.700000000000001	5.774731418721884	0.09834096084164019
1	0	8.700000000000001	5.629148015534905	0.1035828150703291
1	0	8.700000000000001	5.448859042950488	0.110680251985113
1	0	8.700000000000001	5.234976042436783	0.1200953961472714
1	0	8.700000000000001	4.988817673815271	0.1325097941850353
1	0	8.700000000000001	4.71190158528447	0.1489405377952633
1	0	8.700000000000001	4.405935056614114	0.1709330225761769
1	0	8.700000000000001	4.07280447319765	0.2008694509970639
1	0	8.700000000000001	3.714563695859004	0.2423930272788686
1	0	8.700000000000001	3.333421398117614	0.3007279649331122
1	0	8.700000000000001	2.93172744898173	0.3821232597494234
1	0	8.700000000000001	2.511958425224569	0.491234046883582
1	0	8.700000000000001	2.076702342464958	0.6266718843665067
1	0	8.700000000000001	1.628642699190446	0.7779994863449665
1	0	8.700000000000001	1.17054193209677	0.926659999882029
1	0	8.700000000000001	0.7052243847470262	1.048720490521452
1	0	8.700000000000001	0.235558894554412	1.118757831296454

1	0	8.800000000000001	5.995374217444337	0.0910829955070263
1	0	8.800000000000001	5.958410741729558	0.09223397658210439
1	0	8.800000000000001	5.884711682419383	0.09459529640281826
1	0	8.800000000000001	5.774731418721884	0.09829234975395373
1	0	8.800000000000001	5.629148015534905	0.1035312579209682
1	0	8.800000000000001	5.448859042950488	0.1106246423005283
1	0	8.800000000000001	5.234976042436783	0.1200342951206873
1	0	8.800000000000001	4.988817673815271	0.1324412452430659
1	0	8.800000000000001	4.71190158528447	0.1488617547448908
1	0	8.800000000000001	4.405935056614114	0.1708398381432459
1	0	8.800000000000001	4.07280447319765	0.2007553082499362
1	0	8.800000000000001	3.714563695859004	0.2422471563805486
1	0	8.800000000000001	3.333421398117614	0.3005324359286786
1	0	8.800000000000001	2.93172744898173	0.3818495868162752
1	0	8.800000000000001	2.511958425224569	0.4908425922280751
1	0	8.800000000000001	2.076702342464958	0.6261187897072247
1	0	8.800000000000001	1.628642699190446	0.777250890551715
1	0	8.800000000000001	1.17054193209677	0.9257069214299307
1	0	8.800000000000001	0.7052243847470262	1.047590752549759
1	0	8.800000000000001	0.235558894554412	1.117522976730921

1	0	8.9	5.995374217444337	0.09103840638528439
1	0	8.9	5.958410741729558	0.09218875582166473
1	0	8.9	5.884711682419383	0.09454877397340765
1	0	8.9	5.774731418721884	0.09824377351337779
1	0	8.9	5.629148015534905	0.1034797378744798
1	0	8.9	5.448859042950488	0.110569072855247
1	0	8.9	5.234976042436783	0.1199732386480704
1	0	8.9	4.988817673815271	0.1323727468331653
1	0	8.9	4.71190158528447	0.1487830306958098
1	0	8.9	4.405935056614114	0.1707467251723634
1	0	8.9	4.07280447319765	0.2006412563223267
1	0	8.9	3.714563695859004	0.2421014084460893
1	0	8.9	3.333421398117614	0.3003370865786343
1	0	8.9	2.93172744898173	0.381576195461331
1	0	8.9	2.511958425224569	0.490451593367861
1	0	8.9	2.076702342464958	0.6255664156735643
1	0	8.9	1.628642699190446	0.7765033609238596
1	0	8.9	1.17054193209677	0.9247552917333552
1	0	8.9	0.7052243847470262	1.046462809285306
1	0	8.9	0.235558894554412	1.116290129618212

1	0	9	5.995374217444337	0.0909938490564509
1	0	9	5.958410741729558	0.09214356733035868
1	0	9	5.884711682419383	0.09450228479728803
1	0	9	5.774731418721884	0.09819523208660566
1	0	9	5.629148015534905	0.1034282548953288
1	0	9	5.448859042950488	0.110513543610615
1	0	9	5.234976042436783	0.1199122266864323
1	0	9	4.988817673815271	0.1323042989062477
1	0	9	4.71190158528447	0.1487043655900843
1	0	9	4.405935056614114	0.1706536835920414
1	0	9	4.07280447319765	0.200527295120258
1	0	9	3.714563695859004	0.241955783340182
1	0	9	3.333421398117614	0.3001419166642437
1	0	9	2.93172744898173	0.3813030852921304
1	0	9	2.511958425224569	0.4900610495716978
1	0	9	2.076702342464958	0.6250147609645429
1	0	9	1.628642699190446	0.7757568953629594
1	0	9	1.17054193209677	0.9238051077659447
1	0	9	0.7052243847470262	1.045336656829444
1	0	9	0.235558894554412	1.115059285507828

1	0	9.1	5.995374217444337	0.0909493234902244
1	0	9.1	5.958410741729558	0.09209841107741842
1	0	9.1	5.884711682419383	0.09445582884272707
1	0	9.1	5.774731418721884	0.09814672544037011
1	0	9.1	5.629148015534905	0.1033768089480229
1	0	9.1	5.448859042950488	0.1104580545280249
1	0	9.1	5.234976042436783	0.1198512591928373
1	0	9.1	4.988817673815271	0.1322359014132866
1	0	9.1	4.71190158528447	0.1486257593698497
1	0	9.1	4.405935056614114	0.1705607133308802
1	0	9.1	4.07280447319765	0.2004134245498763
1	0	9.1	3.714563695859004	0.2418102809277022
1	0	9.1	3.333421398117614	0.2999469259671126
1	0	9.1	2.93172744898173	0.3810302559169302
1	0	9.1	2.511958425224569	0.4896709601098977
1	0	9.1	2.076702342464958	0.6244638242822895
1	0	9.1	1.628642699190446	0.775011491776004
1	0	9.1	1.17054193209677	0.9228563665096037
1	0	9.1	0.7052243847470262	1.044212291294513
1	0	9.1	0.235558894554412	1.11383043996203

1	0	9.200000000000001	5.995374217444337	0.09090482965633961
1	0	9.200000000000001	5.958410741729558	0.0920532870321137
1	0	9.200000000000001	5.884711682419383	0.09440940607803064
1	0	9.200000000000001	5.774731418721884	0.09809825354144526
1	0	9.200000000000001	5.629148015534905	0.1033253999971129
1	0	9.200000000000001	5.448859042950488	0.110402605568916
1	0	9.200000000000001	5.234976042436783	0.1197903361244016
1	0	9.200000000000001	4.988817673815271	0.1321675543053178
1	0	9.200000000000001	4.71190158528447	0.1485472119773117
1	0	9.200000000000001	4.405935056614114	0.1704678143175684
1	0	9.200000000000001	4.07280447319765	0.2002996445174468
1	0	9.200000000000001	3.714563695859004	0.2416649010737138
1	0	9.200000000000001	3.333421398117614	0.2997521142691864
1	0	9.200000000000001	2.93172744898173	0.3807577069447047
1	0	9.200000000000001	2.511958425224569	0.4892813242543304
1	0	9.200000000000001	2.076702342464958	0.6239136043320461
1	0	9.200000000000001	1.628642699190446	0.7742671480754029
1	0	9.200000000000001	1.17054193209677	0.9219090649544475
1	0	9.200000000000001	0.7052243847470262	1.043089708803786
1	0	9.200000000000001	0.235558894554412	1.11260358855578

1	0	9.300000000000001	5.995374217444337	0.090860367524568
1	0	9.300000000000001	5.958410741729558	0.09200819516375019
1	0	9.300000000000001	5.884711682419383	0.09436301647154255
1	0	9.300000000000001	5.774731418721884	0.09804981635664355
1	0	9.300000000000001	5.629148015534905	0.1032740280071917
1	0	9.300000000000001	5.448859042950488	0.1103471966947732
1	0	9.300000000000001	5.234976042436783	0.1197294574382929
1	0	9.300000000000001	4.988817673815271	0.1320992575334336
1	0	9.300000000000001	4.71190158528447	0.1484687233547468
1	0	9.300000000000001	4.405935056614114	0.1703749864808848
1	0	9.300000000000001	4.07280447319765	0.2001859549293552
1	0	9.300000000000001	3.714563695859004	0.2415196436434648
1	0	9.300000000000001	3.333421398117614	0.2995574813527528
1	0	9.300000000000001	2.93172744898173	0.3804854379851462
1	0	9.300000000000001	2.511958425224569	0.4888921412784178
1	0	9.300000000000001	2.076702342464958	0.623364099822145
1	0	9.300000000000001	1.628642699190446	0.7735238621789695
1	0	9.300000000000001	1.17054193209677	0.9209632000987882
1	0	9.300000000000001	0.7052243847470262	1.041968905491446
1	0	9.300000000000001	0.235558894554412	1.111378726876695

1	0	9.4	5.995374217444337	0.09081593706471694
1	0	9.4	5.958410741729558	0.09196313544167184
1	0	9.4	5.884711682419383	0.0943166599916445
1	0	9.4	5.774731418721884	0.09800141385281916
1	0	9.4	5.629148015534905	0.103222692942895
1	0	9.4	5.448859042950488	0.1102918278671301
1	0	9.4	5.234976042436783	0.1196686230917307
1	0	9.4	4.988817673815271	0.1320310110487866
1	0	9.4	4.71190158528447	0.1483902934445026
1	0	9.4	4.405935056614114	0.1702822297496941
1	0	9.4	4.07280447319765	0.2000723556921082
1	0	9.4	3.714563695859004	0.2413745085023914
1	0	9.4	3.333421398117614	0.2993630270004371
1	0	9.4	2.93172744898173	0.3802134486486594
1	0	9.4	2.511958425224569	0.4885034104571296
1	0	9.4	2.076702342464958	0.6228153094640092
1	0	9.4	1.628642699190446	0.7727816320098949
1	0	9.4	1.17054193209677	0.9200187689491119
1	0	9.4	0.7052243847470262	1.040849877502543
1	0	9.4	0.235558894554412	1.110155850525

1	0	9.5	5.995374217444337	0.09077153824663113
1	0	9.5	5.958410741729558	0.09191810783525847
1	0	9.5	5.884711682419383	0.09427033660675671
1	0	9.5	5.774731418721884	0.09795304599686512
1	0	9.5	5.629148015534905	0.1031713947689026
1	0	9.5	5.448859042950488	0.1102364990475645
1	0	9.5	5.234976042436783	0.1196078330419874
1	0	9.5	4.988817673815271	0.1319628148025893
1	0	9.5	4.71190158528447	0.148311922188996
1	0	9.5	4.405935056614114	0.1701895440529514
1	0	9.5	4.07280447319765	0.1999588467123317
1	0	9.5	3.714563695859004	0.2412294955161121
1	0	9.5	3.333421398117614	0.2991687509952048
1	0	9.5	2.93172744898173	0.3799417385463598
1	0	9.5	2.511958425224569	0.4881151310669756
1	0	9.5	2.076702342464958	0.6222672319721402
1	0	9.5	1.628642699190446	0.7720404554967366
1	0	9.5	1.17054193209677	0.9190757685200314
1	0	9.5	0.7052243847470262	1.039732620992942
1	0	9.5	0.235558894554412	1.108934955113498

1	0	9.600000000000001	5.995374217444337	0.09072717104019014
1	0	9.600000000000001	5.958410741729558	0.09187311231392731
1	0	9.600000000000001	5.884711682419383	0.09422404628533752
1	0	9.600000000000001	5.774731418721884	0.09790471275571415
1	0	9.600000000000001	5.629148015534905	0.1031201334499345
1	0	9.600000000000001	5.448859042950488	0.1101812101977016
1	0	9.600000000000001	5.234976042436783	0.1195470872463852
1	0	9.600000000000001	4.988817673815271	0.131894668746113
1	0	9.600000000000001	4.71190158528447	0.1482336095307154
1	0	9.600000000000001	4.405935056614114	0.1700969293196993
1	0	9.600000000000001	4.07280447319765	0.1998454278967723
1	0	9.600000000000001	3.714563695859004	0.2410846045504318
1	0	9.600000000000001	3.333421398117614	0.29897465312036
1	0	9.600000000000001	2.93172744898173	0.3796703072900772
1	0	9.600000000000001	2.511958425224569	0.4877273023860077
1	0	9.600000000000001	2.076702342464958	0.6217198660641061
1	0	9.600000000000001	1.628642699190446	0.7713003305734074
1	0	9.600000000000001	1.17054193209677	0.9181341958342798
1	0	9.600000000000001	0.7052243847470262	1.038617132129318
1	0	9.600000000000001	0.235558894554412	1.107716036267503

1	0	9.700000000000001	5.995374217444337	0.09068283541531062
1	0	9.700000000000001	5.958410741729558	0.09182814884713207
1	0	9.700000000000001	5.884711682419383	0.09417778899588242
1	0	9.700000000000001	5.774731418721884	0.09785641409633943
1	0	9.700000000000001	5.629148015534905	0.1030689089507549
1	0	9.700000000000001	5.448859042950488	0.1101259612792129
1	0	9.700000000000001	5.234976042436783	0.1194863856622995
1	0	9.700000000000001	4.988817673815271	0.1318265728306876
1	0	9.700000000000001	4.71190158528447	0.1481553554122189
1	0	9.700000000000001	4.405935056614114	0.1700043854790678
1	0	9.700000000000001	4.07280447319765	0.1997320991522945
1	0	9.700000000000001	3.714563695859004	0.2409398354713409
1	0	9.700000000000001	3.333421398117614	0.2987807331595395
1	0	9.700000000000001	2.93172744898173	0.3793991544923479
1	0	9.700000000000001	2.511958425224569	0.4873399236938084
1	0	9.700000000000001	2.076702342464958	0.6211732104605434
1	0	9.700000000000001	1.628642699190446	0.770561255179136
1	0	9.700000000000001	1.17054193209677	0.9171940479226667
1	0	9.700000000000001	0.7052243847470262	1.037503407089075
1	0	9.700000000000001	0.235558894554412	1.106499089624826

1	0	9.800000000000001	5.995374217444337	0.09063853134194584
1	0	9.800000000000001	5.958410741729558	0.09178321740436274
1	0	9.800000000000001	5.884711682419383	0.09413156470692516
1	0	9.800000000000001	5.774731418721884	0.09780814998575393
1	0	9.800000000000001	5.629148015534905	0.1030177212361694
1	0	9.800000000000001	5.448859042950488	0.1100707522538156
1	0	9.800000000000001	5.234976042436783	0.1194257282471561
1	0	9.800000000000001	4.988817673815271	0.1317585270077036
1	0	9.800000000000001	4.71190158528447	0.1480771597761364
1	0	9.800000000000001	4.405935056614114	0.1699119124602763
1	0	9.800000000000001	4.07280447319765	0.1996188603858838
1	0	9.800000000000001	3.714563695859004	0.2407951881450133
1	0	9.800000000000001	3.333421398117614	0.2985869908967249
1	0	9.800000000000001	2.93172744898173	0.3791282797664156
1	0	9.800000000000001	2.511958425224569	0.486952994271495
1	0	9.800000000000001	2.076702342464958	0.620627263885128
1	0	9.800000000000001	1.628642699190446	0.7698232272584772
1	0	9.800000000000001	1.17054193209677	0.9162553218240571
1	0	9.800000000000001	0.7052243847470262	1.036391442060354
1	0	9.800000000000001	0.235558894554412	1.105284110835698

1	0	9.9	5.995374217444337	0.09059425879008344
1	0	9.9	5.958410741729558	0.0917383179551467
1	0	9.9	5.884711682419383	0.09408537338703793
1	0	9.9	5.774731418721884	0.09775992039100939
1	0	9.9	5.629148015534905	0.1029665702710268
1	0	9.9	5.448859042950488	0.1100155830832737
1	0	9.9	5.234976042436783	0.119365114958433
1	0	9.9	4.988817673815271	0.13169053122861
1	0	9.9	4.71190158528447	0.1479990225651654
1	0	9.9	4.405935056614114	0.1698195101926307
1	0	9.9	4.07280447319765	0.1995057115046447
1	0	9.9	3.714563695859004	0.2406506624378051
1	0	9.9	3.333421398117614	0.2983934261162255
1	0	9.9	2.93172744898173	0.3788576827262317
1	0	9.9	2.511958425224569	0.4865665134017042
1	0	9.9	2.076702342464958	0.6200820250645797
1	0	9.9	1.628642699190446	0.7690862447612751
1	0	9.9	1.17054193209677	0.9153180145853506
1	0	9.9	0.7052243847470262	1.035281233241964
1	0	9.9	0.235558894554412	1.10407109556275

1	0	10	5.995374217444337	0.09055001772974929
1	0	10	5.958410741729558	0.09169345046904785
1	0	10	5.884711682419383	0.09403921500482969
1	0	10	5.774731418721884	0.09771172527919818
1	0	10	5.629148015534905	0.1029154560202174
1	0	10	5.448859042950488	0.1099604537293969
1	0	10	5.234976042436783	0.1193045457536597
1	0	10	4.988817673815271	0.1316225854449126
1	0	10	4.71190158528447	0.147920943722075
1	0	10	4.405935056614114	0.1697271786055249
1	0	10	4.07280447319765	0.1993926524158008
1	0	10	3.714563695859004	0.2405062582162598
1	0	10	3.333421398117614	0.298200038602693
1	0	10	2.93172744898173	0.3785873629864495
1	0	10	2.511958425224569	0.4861804803686013
1	0	10	2.076702342464958	0.6195374927286557
1	0	10	1.628642699190446	0.7683503056426564
1	0	10	1.17054193209677	0.9143821232614425
1	0	10	0.7052243847470262	1.034172776843351
1	0	10	0.235558894554412	1.102860039480966

