1	0	0	5.995374217444337	0.09513499920937264
1	0	0	5.958410741729558	0.0963434857075041
1	0	0	5.884711682419383	0.09882332293752535
1	0	0	5.774731418721884	0.1027074080271221
1	0	0	5.629148015534905	0.1082144648908716
1	0	0	5.448859042950488	0.1156768428981137
1	0	0	5.234976042436783	0.1255867565881104
1	0	0	4.988817673815271	0.1386727198829463
1	0	0	4.71190158528447	0.1560272858378809
1	0	0	4.405935056614114	0.1793219768751855
1	0	0	4.07280447319765	0.2111585167956898
1	0	0	3.714563695859004	0.2555703592734076
1	0	0	3.333421398117614	0.3184524510246254
1	0	0	2.93172744898173	0.4070571765810366
1	0	0	2.511958425224569	0.5271226269654146
1	0	0	2.076702342464958	0.6777058541347168
1	0	0	1.628642699190446	0.8474616822495133
1	0	0	1.17054193209677	1.015489826592975
1	0	0	0.7052243847470262	1.154350550730659
1	0	0	0.235558894554412	1.234414951838095

1	0	0.1	5.995374217444337	0.0950909949102051
1	0	0.1	5.958410741729558	0.09629889952307183
1	0	0.1	5.884711682419383	0.09877754074375558
1	0	0.1	5.774731418721884	0.1026597472005816
1	0	0.1	5.629148015534905	0.108164129082309
1	0	0.1	5.448859042950488	0.1156228607030452
1	0	0.1	5.234976042436783	0.1255278926230832
1	0	0.1	4.988817673815271	0.1386073383077759
1	0	0.1	4.71190158528447	0.1559531296537213
1	0	0.1	4.405935056614114	0.1792357933364017
1	0	0.1	4.07280447319765	0.2110553989592837
1	0	0.1	3.714563695859004	0.2554425953473323
1	0	0.1	3.333421398117614	0.3182877123837934
1	0	0.1	2.93172744898173	0.40683649019076
1	0	0.1	2.511958425224569	0.5268201951908067
1	0	0.1	2.076702342464958	0.677293752705201
1	0	0.1	1.628642699190446	0.8469192451886612
1	0	0.1	1.17054193209677	1.014813168186009
1	0	0.1	0.7052243847470262	1.153559538493959
1	0	0.1	0.235558894554412	1.233556584732716

1	0	0.2	5.995374217444337	0.09504702158928445
1	0	0.2	5.958410741729558	0.09625434473162429
1	0	0.2	5.884711682419383	0.09873179079591715
1	0	0.2	5.774731418721884	0.1026121199610952
1	0	0.2	5.629148015534905	0.108113828773352
1	0	0.2	5.448859042950488	0.115568916620398
1	0	0.2	5.234976042436783	0.1254690702793709
1	0	0.2	4.988817673815271	0.1385420030593607
1	0	0.2	4.71190158528447	0.1558790261724376
1	0	0.2	4.405935056614114	0.1791496713279631
1	0	0.2	4.07280447319765	0.210952355285367
1	0	0.2	3.714563695859004	0.2553149244719147
1	0	0.2	3.333421398117614	0.3181230963731443
1	0	0.2	2.93172744898173	0.4066159739305794
1	0	0.2	2.511958425224569	0.5265180077827677
1	0	0.2	2.076702342464958	0.6768820015583249
1	0	0.2	1.628642699190446	0.8463772903849677
1	0	0.2	1.17054193209677	1.014137132666558
1	0	0.2	0.7052243847470262	1.152769272094578
1	0	0.2	0.235558894554412	1.232699037225438

1	0	0.3	5.995374217444337	0.09500307921688424
1	0	0.3	5.958410741729558	0.09620982130303575
1	0	0.3	5.884711682419383	0.09868607306306219
1	0	0.3	5.774731418721884	0.1025645262764235
1	0	0.3	5.629148015534905	0.1080635639299165
1	0	0.3	5.448859042950488	0.1155150106135678
1	0	0.3	5.234976042436783	0.1254102895169802
1	0	0.3	4.988817673815271	0.138476714093157
1	0	0.3	4.71190158528447	0.1558049753433082
1	0	0.3	4.405935056614114	0.1790636107905615
1	0	0.3	4.07280447319765	0.2108493857022526
1	0	0.3	3.714563695859004	0.2551873465566731
1	0	0.3	3.333421398117614	0.3179586028718526
1	0	0.3	2.93172744898173	0.4063956276285284
1	0	0.3	2.511958425224569	0.526216064484437
1	0	0.3	2.076702342464958	0.6764706003090037
1	0	0.3	1.628642699190446	0.8458358172864794
1	0	0.3	1.17054193209677	1.013461719299382
1	0	0.3	0.7052243847470262	1.151979750633384
1	0	0.3	0.235558894554412	1.231842308317212

1	0	0.4	5.995374217444337	0.09495916776331489
1	0	0.4	5.958410741729558	0.09616532920721735
1	0	0.4	5.884711682419383	0.09864038751428159
1	0	0.4	5.774731418721884	0.1025169661143652
1	0	0.4	5.629148015534905	0.1080133345179605
1	0	0.4	5.448859042950488	0.1154611426459948
1	0	0.4	5.234976042436783	0.1253515502959681
1	0	0.4	4.988817673815271	0.1384114713646762
1	0	0.4	4.71190158528447	0.1557309771156727
1	0	0.4	4.405935056614114	0.1789776116649603
1	0	0.4	4.07280447319765	0.210746490138337
1	0	0.4	3.714563695859004	0.2550598615112301
1	0	0.4	3.333421398117614	0.3177942317592461
1	0	0.4	2.93172744898173	0.406175451112851
1	0	0.4	2.511958425224569	0.5259143650392808
1	0	0.4	2.076702342464958	0.6760595485726675
1	0	0.4	1.628642699190446	0.8452948253420145
1	0	0.4	1.17054193209677	1.012786927350313
1	0	0.4	0.7052243847470262	1.151190973212582
1	0	0.4	0.235558894554412	1.230986397010461

1	0	0.5	5.995374217444337	0.09491528719892223
1	0	0.5	5.958410741729558	0.09612086841411753
1	0	0.5	5.884711682419383	0.09859473411870318
1	0	0.5	5.774731418721884	0.10246943944276
1	0	0.5	5.629148015534905	0.1079631405034835
1	0	0.5	5.448859042950488	0.1154073126811645
1	0	0.5	5.234976042436783	0.1252928525764388
1	0	0.5	4.988817673815271	0.1383462748294845
1	0	0.5	4.71190158528447	0.1556570314389326
1	0	0.5	4.405935056614114	0.1788916738919951
1	0	0.5	4.07280447319765	0.2106436685221096
1	0	0.5	3.714563695859004	0.2549324692453217
1	0	0.5	3.333421398117614	0.3176299829147997
1	0	0.5	2.93172744898173	0.4059554442120164
1	0	0.5	2.511958425224569	0.5256129091911048
1	0	0.5	2.076702342464958	0.6756488459652729
1	0	0.5	1.628642699190446	0.8447543140011674
1	0	0.5	1.17054193209677	1.012112756086236
1	0	0.5	0.7052243847470262	1.150402938935689
1	0	0.5	0.235558894554412	1.230131302309097

1	0	0.6000000000000001	5.995374217444337	0.09487143749408962
1	0	0.6000000000000001	5.958410741729558	0.09607643889371993
1	0	0.6000000000000001	5.884711682419383	0.09854911284549329
1	0	0.6000000000000001	5.774731418721884	0.1024219462294863
1	0	0.6000000000000001	5.629148015534905	0.1079129818525266
1	0	0.6000000000000001	5.448859042950488	0.1153535206826052
1	0	0.6000000000000001	5.234976042436783	0.125234196318546
1	0	0.6000000000000001	4.988817673815271	0.1382811244432021
1	0	0.6000000000000001	4.71190158528447	0.1555831382625517
1	0	0.6000000000000001	4.405935056614114	0.1788057974125735
1	0	0.6000000000000001	4.07280447319765	0.2105409207821423
1	0	0.6000000000000001	3.714563695859004	0.254805169668796
1	0	0.6000000000000001	3.333421398117614	0.3174658562181369
1	0	0.6000000000000001	2.93172744898173	0.4057356067547019
1	0	0.6000000000000001	2.511958425224569	0.525311696684045
1	0	0.6000000000000001	2.076702342464958	0.6752384921032878
1	0	0.6000000000000001	1.628642699190446	0.8442142827143054
1	0	0.6000000000000001	1.17054193209677	1.011439204775088
1	0	0.6000000000000001	0.7052243847470262	1.149615646907552
1	0	0.6000000000000001	0.235558894554412	1.229277023218517

1	0	0.7000000000000001	5.995374217444337	0.09482761861923567
1	0	0.7000000000000001	5.958410741729558	0.09603204061604644
1	0	0.7000000000000001	5.884711682419383	0.0985035236638547
1	0	0.7000000000000001	5.774731418721884	0.1023744864424607
1	0	0.7000000000000001	5.629148015534905	0.1078628585311725
1	0	0.7000000000000001	5.448859042950488	0.1152997666138921
1	0	0.7000000000000001	5.234976042436783	0.1251755814824916
1	0	0.7000000000000001	4.988817673815271	0.1382160201615023
1	0	0.7000000000000001	4.71190158528447	0.155509297536055
1	0	0.7000000000000001	4.405935056614114	0.1787199821676744
1	0	0.7000000000000001	4.07280447319765	0.2104382468470977
1	0	0.7000000000000001	3.714563695859004	0.2546779626916083
1	0	0.7000000000000001	3.333421398117614	0.3173018515490292
1	0	0.7000000000000001	2.93172744898173	0.4055159385698048
1	0	0.7000000000000001	2.511958425224569	0.5250107272625695
1	0	0.7000000000000001	2.076702342464958	0.6748284866037068
1	0	0.7000000000000001	1.628642699190446	0.8436747309325653
1	0	0.7000000000000001	1.17054193209677	1.010766272685868
1	0	0.7000000000000001	0.7052243847470262	1.148829096234319
1	0	0.7000000000000001	0.235558894554412	1.228423558745581

1	0	0.8	5.995374217444337	0.09478383054481475
1	0	0.8	5.958410741729558	0.09598767355115462
1	0	0.8	5.884711682419383	0.09845796654302923
1	0	0.8	5.774731418721884	0.1023270600496402
1	0	0.8	5.629148015534905	0.1078127705055444
1	0	0.8	5.448859042950488	0.115246050438643
1	0	0.8	5.234976042436783	0.1251170080285269
1	0	0.8	4.988817673815271	0.1381509619401142
1	0	0.8	4.71190158528447	0.1554355092090298
1	0	0.8	4.405935056614114	0.1786342280983527
1	0	0.8	4.07280447319765	0.2103356466457245
1	0	0.8	3.714563695859004	0.2545508482238262
1	0	0.8	3.333421398117614	0.3171379687874014
1	0	0.8	2.93172744898173	0.4052964394864347
1	0	0.8	2.511958425224569	0.5247100006714822
1	0	0.8	2.076702342464958	0.6744188290840389
1	0	0.8	1.628642699190446	0.8431356581078504
1	0	0.8	1.17054193209677	1.010093959088631
1	0	0.8	0.7052243847470262	1.148043286023457
1	0	0.8	0.235558894554412	1.227570907898639

1	0	0.9	5.995374217444337	0.09474007324131857
1	0	0.9	5.958410741729558	0.09594333766913929
1	0	0.9	5.884711682419383	0.09841244145229594
1	0	0.9	5.774731418721884	0.102279667019021
1	0	0.9	5.629148015534905	0.1077627177418087
1	0	0.9	5.448859042950488	0.1151923721205216
1	0	0.9	5.234976042436783	0.1250584759169508
1	0	0.9	4.988817673815271	0.1380859497348197
1	0	0.9	4.71190158528447	0.1553617732311242
1	0	0.9	4.405935056614114	0.1785485351457302
1	0	0.9	4.07280447319765	0.210233120106858
1	0	0.9	3.714563695859004	0.254423826175627
1	0	0.9	3.333421398117614	0.3169742078133188
1	0	0.9	2.93172744898173	0.4050771093339193
1	0	0.9	2.511958425224569	0.5244095166559102
1	0	0.9	2.076702342464958	0.6740095191623077
1	0	0.9	1.628642699190446	0.8425970636928373
1	0	0.9	1.17054193209677	1.009422263254482
1	0	0.9	0.7052243847470262	1.147258215383748
1	0	0.9	0.235558894554412	1.226719069687498

1	0	1	5.995374217444337	0.09469634667927371
1	0	1	5.958410741729558	0.09589903294013108
1	0	1	5.884711682419383	0.09836694836096989
1	0	1	5.774731418721884	0.1022323073186372
1	0	1	5.629148015534905	0.1077127002061706
1	0	1	5.448859042950488	0.1151387316232347
1	0	1	5.234976042436783	0.1249999851081112
1	0	1	4.988817673815271	0.1380209835014556
1	0	1	4.71190158528447	0.1552880895520477
1	0	1	4.405935056614114	0.1784629032510043
1	0	1	4.07280447319765	0.2101306671594208
1	0	1	3.714563695859004	0.2542968964573
1	0	1	3.333421398117614	0.3168105685070007
1	0	1	2.93172744898173	0.4048579479417954
1	0	1	2.511958425224569	0.5241092749613225
1	0	1	2.076702342464958	0.6736005564570579
1	0	1	1.628642699190446	0.8420589471409721
1	0	1	1.17054193209677	1.008751184455582
1	0	1	0.7052243847470262	1.146473883425275
1	0	1	0.235558894554412	1.225868043123438

1	0	1.1	5.995374217444337	0.0946526508292429
1	0	1.1	5.958410741729558	0.09585475933429714
1	0	1.1	5.884711682419383	0.09832148723840545
1	0	1.1	5.774731418721884	0.102184980916563
1	0	1.1	5.629148015534905	0.107662717864879
1	0	1.1	5.448859042950488	0.1150851289105342
1	0	1.1	5.234976042436783	0.1249415355624044
1	0	1.1	4.988817673815271	0.1379560631959122
1	0	1.1	4.71190158528447	0.1552144581215732
1	0	1.1	4.405935056614114	0.1783773323554431
1	0	1.1	4.07280447319765	0.2100282877324234
1	0	1.1	3.714563695859004	0.2541700589792406
1	0	1.1	3.333421398117614	0.3166470507488111
1	0	1.1	2.93172744898173	0.40463895513982
1	0	1.1	2.511958425224569	0.5238092753335056
1	0	1.1	2.076702342464958	0.6731919405873446
1	0	1.1	1.628642699190446	0.8415213079064553
1	0	1.1	1.17054193209677	1.008080721965124
1	0	1.1	0.7052243847470262	1.145690289259439
1	0	1.1	0.235558894554412	1.225017827219208

1	0	1.2	5.995374217444337	0.09460898566182527
1	0	1.2	5.958410741729558	0.09581051682184151
1	0	1.2	5.884711682419383	0.09827605805399318
1	0	1.2	5.774731418721884	0.1021376877809103
1	0	1.2	5.629148015534905	0.1076127706842224
1	0	1.2	5.448859042950488	0.1150315639462157
1	0	1.2	5.234976042436783	0.1248831272402744
1	0	1.2	4.988817673815271	0.1378911887741335
1	0	1.2	4.71190158528447	0.1551408788895316
1	0	1.2	4.405935056614114	0.1782918224003856
1	0	1.2	4.07280447319765	0.2099259817549611
1	0	1.2	3.714563695859004	0.2540433136519566
1	0	1.2	3.333421398117614	0.3164836544192615
1	0	1.2	2.93172744898173	0.4044201307579576
1	0	1.2	2.511958425224569	0.5235095175185888
1	0	1.2	2.076702342464958	0.6727836711727441
1	0	1.2	1.628642699190446	0.8409841454442647
1	0	1.2	1.17054193209677	1.007410875057362
1	0	1.2	0.7052243847470262	1.144907431998939
1	0	1.2	0.235558894554412	1.224168420989028

1	0	1.3	5.995374217444337	0.0945653511476558
1	0	1.3	5.958410741729558	0.09576630537300423
1	0	1.3	5.884711682419383	0.09823066077716178
1	0	1.3	5.774731418721884	0.102090427879832
1	0	1.3	5.629148015534905	0.107562858630531
1	0	1.3	5.448859042950488	0.1149780366941187
1	0	1.3	5.234976042436783	0.124824760102215
1	0	1.3	4.988817673815271	0.1378263601921169
1	0	1.3	4.71190158528447	0.1550673518058181
1	0	1.3	4.405935056614114	0.1782063733272434
1	0	1.3	4.07280447319765	0.2098237491562176
1	0	1.3	3.714563695859004	0.2539166603860648
1	0	1.3	3.333421398117614	0.3163203793990154
1	0	1.3	2.93172744898173	0.4042014746263914
1	0	1.3	2.511958425224569	0.5232100012630212
1	0	1.3	2.076702342464958	0.6723757478333376
1	0	1.3	1.628642699190446	0.8404474592101366
1	0	1.3	1.17054193209677	1.006741643007594
1	0	1.3	0.7052243847470262	1.144125310757765
1	0	1.3	0.235558894554412	1.223319823448555

1	0	1.4	5.995374217444337	0.0945217472574042
1	0	1.4	5.958410741729558	0.09572212495806114
1	0	1.4	5.884711682419383	0.09818529537737668
1	0	1.4	5.774731418721884	0.1020432011815173
1	0	1.4	5.629148015534905	0.1075129816701757
1	0	1.4	5.448859042950488	0.1149245471181284
1	0	1.4	5.234976042436783	0.124766434108766
1	0	1.4	4.988817673815271	0.1377615774059148
1	0	1.4	4.71190158528447	0.1549938768203863
1	0	1.4	4.405935056614114	0.178120985077499
1	0	1.4	4.07280447319765	0.2097215898654619
1	0	1.4	3.714563695859004	0.2537900990922916
1	0	1.4	3.333421398117614	0.3161572255688756
1	0	1.4	2.93172744898173	0.4039829865755183
1	0	1.4	2.511958425224569	0.5229107263135869
1	0	1.4	2.076702342464958	0.6719681701897238
1	0	1.4	1.628642699190446	0.839911248660565
1	0	1.4	1.17054193209677	1.006073025092157
1	0	1.4	0.7052243847470262	1.143343924651226
1	0	1.4	0.235558894554412	1.222472033614926

1	0	1.5	5.995374217444337	0.09447817396177718
1	0	1.5	5.958410741729558	0.09567797554732525
1	0	1.5	5.884711682419383	0.09813996182414043
1	0	1.5	5.774731418721884	0.1019960076541962
1	0	1.5	5.629148015534905	0.1074631397695688
1	0	1.5	5.448859042950488	0.1148710951821716
1	0	1.5	5.234976042436783	0.1247081492205169
1	0	1.5	4.988817673815271	0.1376968403716318
1	0	1.5	4.71190158528447	0.1549204538832536
1	0	1.5	4.405935056614114	0.1780356575927053
1	0	1.5	4.07280447319765	0.2096195038120501
1	0	1.5	3.714563695859004	0.2536636296814706
1	0	1.5	3.333421398117614	0.3159941928097975
1	0	1.5	2.93172744898173	0.4037646664359407
1	0	1.5	2.511958425224569	0.5226116924173866
1	0	1.5	2.076702342464958	0.6715609378630147
1	0	1.5	1.628642699190446	0.8393755132528096
1	0	1.5	1.17054193209677	1.005405020588432
1	0	1.5	0.7052243847470262	1.142563272795917
1	0	1.5	0.235558894554412	1.221625050506732

1	0	1.6	5.995374217444337	0.09443463123151646
1	0	1.6	5.958410741729558	0.09563385711114478
1	0	1.6	5.884711682419383	0.09809466008699329
1	0	1.6	5.774731418721884	0.1019488472661356
1	0	1.6	5.629148015534905	0.1074133328951629
1	0	1.6	5.448859042950488	0.1148176808502211
1	0	1.6	5.234976042436783	0.1246499053981046
1	0	1.6	4.988817673815271	0.1376321490454264
1	0	1.6	4.71190158528447	0.1548470829444952
1	0	1.6	4.405935056614114	0.1779503908144897
1	0	1.6	4.07280447319765	0.2095174909254231
1	0	1.6	3.714563695859004	0.2535372520645495
1	0	1.6	3.333421398117614	0.3158312810028802
1	0	1.6	2.93172744898173	0.4035465140384821
1	0	1.6	2.511958425224569	0.5223128993218669
1	0	1.6	2.076702342464958	0.6711540504748309
1	0	1.6	1.628642699190446	0.838840252444892
1	0	1.6	1.17054193209677	1.004737628774847
1	0	1.6	0.7052243847470262	1.141783354309731
1	0	1.6	0.235558894554412	1.220778873144004

1	0	1.7	5.995374217444337	0.09439111903739951
1	0	1.7	5.958410741729558	0.09558976961990467
1	0	1.7	5.884711682419383	0.09804939013551189
1	0	1.7	5.774731418721884	0.1019017199856434
1	0	1.7	5.629148015534905	0.1073635610134522
1	0	1.7	5.448859042950488	0.1147643040862925
1	0	1.7	5.234976042436783	0.1245917026022137
1	0	1.7	4.988817673815271	0.1375675033835105
1	0	1.7	4.71190158528447	0.1547737639542509
1	0	1.7	4.405935056614114	0.1778651846845482
1	0	1.7	4.07280447319765	0.20941555113511
1	0	1.7	3.714563695859004	0.2534109661525784
1	0	1.7	3.333421398117614	0.3156684900293719
1	0	1.7	2.93172744898173	0.4033285292141742
1	0	1.7	2.511958425224569	0.5220143467747886
1	0	1.7	2.076702342464958	0.6707475076473042
1	0	1.7	1.628642699190446	0.8383054656955805
1	0	1.7	1.17054193209677	1.004070848930846
1	0	1.7	0.7052243847470262	1.141004168311855
1	0	1.7	0.235558894554412	1.219933500548245

1	0	1.8	5.995374217444337	0.09434763735023947
1	0	1.8	5.958410741729558	0.09554571304402677
1	0	1.8	5.884711682419383	0.09800415193931049
1	0	1.8	5.774731418721884	0.1018546257810635
1	0	1.8	5.629148015534905	0.1073138240909713
1	0	1.8	5.448859042950488	0.1147109648544457
1	0	1.8	5.234976042436783	0.1245335407935774
1	0	1.8	4.988817673815271	0.1375029033421495
1	0	1.8	4.71190158528447	0.1547004968627175
1	0	1.8	4.405935056614114	0.1777800391446479
1	0	1.8	4.07280447319765	0.209313684370723
1	0	1.8	3.714563695859004	0.2532847718567202
1	0	1.8	3.333421398117614	0.3155058197706662
1	0	1.8	2.93172744898173	0.4031107117942584
1	0	1.8	2.511958425224569	0.5217160345242411
1	0	1.8	2.076702342464958	0.6703413090030738
1	0	1.8	1.628642699190446	0.8377711524644176
1	0	1.8	1.17054193209677	1.003404680336931
1	0	1.8	0.7052243847470262	1.14022571392277
1	0	1.8	0.235558894554412	1.219088931742382

1	0	1.9	5.995374217444337	0.09430418614088473
1	0	1.9	5.958410741729558	0.09550168735396609
1	0	1.9	5.884711682419383	0.09795894546803979
1	0	1.9	5.774731418721884	0.1018075646207799
1	0	1.9	5.629148015534905	0.1072641220942956
1	0	1.9	5.448859042950488	0.1146576631187841
1	0	1.9	5.234976042436783	0.1244754199329768
1	0	1.9	4.988817673815271	0.1374383488776623
1	0	1.9	4.71190158528447	0.1546272816201552
1	0	1.9	4.405935056614114	0.1776949541366269
1	0	1.9	4.07280447319765	0.2092118905619645
1	0	1.9	3.714563695859004	0.2531586690882439
1	0	1.9	3.333421398117614	0.3153432701083009
1	0	1.9	2.93172744898173	0.4028930616101919
1	0	1.9	2.511958425224569	0.5214179623186445
1	0	1.9	2.076702342464958	0.6699354541652951
1	0	1.9	1.628642699190446	0.8372373122116874
1	0	1.9	1.17054193209677	1.00273912227463
1	0	1.9	0.7052243847470262	1.139447990264233
1	0	1.9	0.235558894554412	1.218245165750804

1	0	2	5.995374217444337	0.09426076538021998
1	0	2	5.958410741729558	0.09545769252021702
1	0	2	5.884711682419383	0.09791377069138871
1	0	2	5.774731418721884	0.1017605364732152
1	0	2	5.629148015534905	0.1072144549900411
1	0	2	5.448859042950488	0.1146043988434547
1	0	2	5.234976042436783	0.1244173399812393
1	0	2	4.988817673815271	0.1373738399464202
1	0	2	4.71190158528447	0.1545541181768832
1	0	2	4.405935056614114	0.1776099296023952
1	0	2	4.07280447319765	0.2091101696386181
1	0	2	3.714563695859004	0.2530326577585312
1	0	2	3.333421398117614	0.3151808409239613
1	0	2	2.93172744898173	0.4026755784936409
1	0	2	2.511958425224569	0.5211201299067407
1	0	2	2.076702342464958	0.6695299427576207
1	0	2	1.628642699190446	0.836703944398432
1	0	2	1.17054193209677	1.002074174026509
1	0	2	0.7052243847470262	1.1386709964593
1	0	2	0.235558894554412	1.217402201599338

1	0	2.1	5.995374217444337	0.09421737503916404
1	0	2.1	5.958410741729558	0.09541372851330748
1	0	2.1	5.884711682419383	0.0978686275790811
1	0	2.1	5.774731418721884	0.1017135413068287
1	0	2.1	5.629148015534905	0.1071648227448648
1	0	2.1	5.448859042950488	0.1145511719926483
1	0	2.1	5.234976042436783	0.1243593008992415
1	0	2.1	4.988817673815271	0.137309376504848
1	0	2.1	4.71190158528447	0.1544810064832813
1	0	2.1	4.405935056614114	0.1775249654839327
1	0	2.1	4.07280447319765	0.2090085215305556
1	0	2.1	3.714563695859004	0.2529067377790674
1	0	2.1	3.333421398117614	0.3150185320994773
1	0	2.1	2.93172744898173	0.4024582622764842
1	0	2.1	2.511958425224569	0.5208225370375995
1	0	2.1	2.076702342464958	0.669124774404216
1	0	2.1	1.628642699190446	0.836171048486451
1	0	2.1	1.17054193209677	1.001409834876151
1	0	2.1	0.7052243847470262	1.137894731632313
1	0	2.1	0.235558894554412	1.216560038315254

1	0	2.2	5.995374217444337	0.09417401508867199
1	0	2.2	5.958410741729558	0.0953697953038021
1	0	2.2	5.884711682419383	0.09782351610087875
1	0	2.2	5.774731418721884	0.1016665790901208
1	0	2.2	5.629148015534905	0.1071152253254637
1	0	2.2	5.448859042950488	0.1144979825305995
1	0	2.2	5.234976042436783	0.1243013026479072
1	0	2.2	4.988817673815271	0.1372449585094244
1	0	2.2	4.71190158528447	0.1544079464897906
1	0	2.2	4.405935056614114	0.1774400617232906
1	0	2.2	4.07280447319765	0.2089069461677325
1	0	2.2	3.714563695859004	0.252780909061449
1	0	2.2	3.333421398117614	0.3148563435168236
1	0	2.2	2.93172744898173	0.4022411127908071
1	0	2.2	2.511958425224569	0.5205251834606119
1	0	2.2	2.076702342464958	0.6687199487297544
1	0	2.2	1.628642699190446	0.8356386239382918
1	0	2.2	1.17054193209677	1.000746104108186
1	0	2.2	0.7052243847470262	1.137119194908878
1	0	2.2	0.235558894554412	1.215718674927257

1	0	2.3	5.995374217444337	0.09413068549973415
1	0	2.3	5.958410741729558	0.09532589286230121
1	0	2.3	5.884711682419383	0.0977784362265806
1	0	2.3	5.774731418721884	0.1016196497916282
1	0	2.3	5.629148015534905	0.1070656626985756
1	0	2.3	5.448859042950488	0.1144448304215858
1	0	2.3	5.234976042436783	0.1242433451882075
1	0	2.3	4.988817673815271	0.1371805859166792
1	0	2.3	4.71190158528447	0.1543349381469116
1	0	2.3	4.405935056614114	0.1773552182625895
1	0	2.3	4.07280447319765	0.2088054434801912
1	0	2.3	3.714563695859004	0.252655171517376
1	0	2.3	3.333421398117614	0.3146942750581224
1	0	2.3	2.93172744898173	0.4020241298689122
1	0	2.3	2.511958425224569	0.5202280689254966
1	0	2.3	2.076702342464958	0.6683154653594102
1	0	2.3	1.628642699190446	0.8351066702172556
1	0	2.3	1.17054193209677	1.000082981008256
1	0	2.3	0.7052243847470262	1.136344385415899
1	0	2.3	0.235558894554412	1.214878110465489

1	0	2.4	5.995374217444337	0.09408738624337598
1	0	2.4	5.958410741729558	0.09528202115944109
1	0	2.4	5.884711682419383	0.09773338792602126
1	0	2.4	5.774731418721884	0.1015727533799258
1	0	2.4	5.629148015534905	0.1070161348309784
1	0	2.4	5.448859042950488	0.1143917156299289
1	0	2.4	5.234976042436783	0.1241854284811606
1	0	2.4	4.988817673815271	0.137116258683197
1	0	2.4	4.71190158528447	0.1542619814052063
1	0	2.4	4.405935056614114	0.1772704350440201
1	0	2.4	4.07280447319765	0.2087040133980584
1	0	2.4	3.714563695859004	0.2525295250586631
1	0	2.4	3.333421398117614	0.3145323266056385
1	0	2.4	2.93172744898173	0.4018073133433034
1	0	2.4	2.511958425224569	0.5199311931822915
1	0	2.4	2.076702342464958	0.6679113239188663
1	0	2.4	1.628642699190446	0.8345751867873901
1	0	2.4	1.17054193209677	0.9994204648630417
1	0	2.4	0.7052243847470262	1.135570302281554
1	0	2.4	0.235558894554412	1.214038343961524

1	0	2.5	5.995374217444337	0.0940441172906579
1	0	2.5	5.958410741729558	0.09523818016589368
1	0	2.5	5.884711682419383	0.09768837116907336
1	0	2.5	5.774731418721884	0.1015258898236274
1	0	2.5	5.629148015534905	0.1069666416894911
1	0	2.5	5.448859042950488	0.1143386381199932
1	0	2.5	5.234976042436783	0.1241275524878332
1	0	2.5	4.988817673815271	0.1370519767656136
1	0	2.5	4.71190158528447	0.1541890762152952
1	0	2.5	4.405935056614114	0.1771857120098467
1	0	2.5	4.07280447319765	0.2086026558515459
1	0	2.5	3.714563695859004	0.2524039695972276
1	0	2.5	3.333421398117614	0.3143704980417825
1	0	2.5	2.93172744898173	0.401590663046703
1	0	2.5	2.511958425224569	0.5196345559813644
1	0	2.5	2.076702342464958	0.6675075240343096
1	0	2.5	1.628642699190446	0.834044173113492
1	0	2.5	1.17054193209677	0.9987585549602395
1	0	2.5	0.7052243847470262	1.134796944635284
1	0	2.5	0.235558894554412	1.213199374448374

1	0	2.6	5.995374217444337	0.09400087861267609
1	0	2.6	5.958410741729558	0.09519436985236547
1	0	2.6	5.884711682419383	0.09764338592564432
1	0	2.6	5.774731418721884	0.1014790590913851
1	0	2.6	5.629148015534905	0.1069171832409724
1	0	2.6	5.448859042950488	0.1142855978561866
1	0	2.6	5.234976042436783	0.1240697171693384
1	0	2.6	4.988817673815271	0.1369877401206188
1	0	2.6	4.71190158528447	0.1541162225278594
1	0	2.6	4.405935056614114	0.1771010491024008
1	0	2.6	4.07280447319765	0.2085013707709517
1	0	2.6	3.714563695859004	0.2522785050450936
1	0	2.6	3.333421398117614	0.3142087892491101
1	0	2.6	2.93172744898173	0.4013741788120345
1	0	2.6	2.511958425224569	0.5193381570734007
1	0	2.6	2.076702342464958	0.6671040653324231
1	0	2.6	1.628642699190446	0.8335136286611025
1	0	2.6	1.17054193209677	0.9980972505885723
1	0	2.6	0.7052243847470262	1.13402431160782
1	0	2.6	0.235558894554412	1.212361200960473

1	0	2.7	5.995374217444337	0.09395767018056123
1	0	2.7	5.958410741729558	0.09515059018960066
1	0	2.7	5.884711682419383	0.09759843216567927
1	0	2.7	5.774731418721884	0.101432261151889
1	0	2.7	5.629148015534905	0.1068677594523215
1	0	2.7	5.448859042950488	0.1142325948029603
1	0	2.7	5.234976042436783	0.1240119224868369
1	0	2.7	4.988817673815271	0.1369235487049538
1	0	2.7	4.71190158528447	0.1540434202936402
1	0	2.7	4.405935056614114	0.1770164462640834
1	0	2.7	4.07280447319765	0.2084001580866563
1	0	2.7	3.714563695859004	0.2521531313143969
1	0	2.7	3.333421398117614	0.3140472001103211
1	0	2.7	2.93172744898173	0.4011578604724363
1	0	2.7	2.511958425224569	0.5190419962094103
1	0	2.7	2.076702342464958	0.6667009474404019
1	0	2.7	1.628642699190446	0.8329835528965194
1	0	2.7	1.17054193209677	0.9974365510377726
1	0	2.7	0.7052243847470262	1.133252402331152
1	0	2.7	0.235558894554412	1.211523822533675

1	0	2.8	5.995374217444337	0.09391449196547906
1	0	2.8	5.958410741729558	0.09510684114837659
1	0	2.8	5.884711682419383	0.09755350985916043
1	0	2.8	5.774731418721884	0.1013854959738665
1	0	2.8	5.629148015534905	0.1068183702904777
1	0	2.8	5.448859042950488	0.1141796289248086
1	0	2.8	5.234976042436783	0.1239541684015363
1	0	2.8	4.988817673815271	0.1368594024754132
1	0	2.8	4.71190158528447	0.1539706694634385
1	0	2.8	4.405935056614114	0.1769319034373681
1	0	2.8	4.07280447319765	0.2082990177291269
1	0	2.8	3.714563695859004	0.2520278483173761
1	0	2.8	3.333421398117614	0.3138857305082562
1	0	2.8	2.93172744898173	0.4009417078612524
1	0	2.8	2.511958425224569	0.5187460731407232
1	0	2.8	2.076702342464958	0.6662981699859345
1	0	2.8	1.628642699190446	0.8324539452867702
1	0	2.8	1.17054193209677	0.9967764555986108
1	0	2.8	0.7052243847470262	1.132481215938545
1	0	2.8	0.235558894554412	1.210687238205267

1	0	2.9	5.995374217444337	0.09387134393863136
1	0	2.9	5.958410741729558	0.09506312269950827
1	0	2.9	5.884711682419383	0.09750861897610504
1	0	2.9	5.774731418721884	0.1013387635260831
1	0	2.9	5.629148015534905	0.1067690157224206
1	0	2.9	5.448859042950488	0.1141267001862693
1	0	2.9	5.234976042436783	0.1238964548746911
1	0	2.9	4.988817673815271	0.1367953013888442
1	0	2.9	4.71190158528447	0.1538979699881152
1	0	2.9	4.405935056614114	0.176847420564796
1	0	2.9	4.07280447319765	0.208197949628914
1	0	2.9	3.714563695859004	0.2519026559663797
1	0	2.9	3.333421398117614	0.3137243803259041
1	0	2.9	2.93172744898173	0.4007257208120381
1	0	2.9	2.511958425224569	0.5184503876189913
1	0	2.9	2.076702342464958	0.665895732597216
1	0	2.9	1.628642699190446	0.8319248052996334
1	0	2.9	1.17054193209677	0.9961169635628591
1	0	2.9	0.7052243847470262	1.131710751564525
1	0	2.9	0.235558894554412	1.20985144701395

1	0	3	5.995374217444337	0.09382822607125312
1	0	3	5.958410741729558	0.0950194348138443
1	0	3	5.884711682419383	0.09746375948656774
1	0	3	5.774731418721884	0.1012920637773436
1	0	3	5.629148015534905	0.1067196957151697
1	0	3	5.448859042950488	0.114073808551923
1	0	3	5.234976042436783	0.1238387818676042
1	0	3	4.988817673815271	0.1367312454021451
1	0	3	4.71190158528447	0.1538253218185912
1	0	3	4.405935056614114	0.176762997588981
1	0	3	4.07280447319765	0.2080969537166529
1	0	3	3.714563695859004	0.2517775541738616
1	0	3	3.333421398117614	0.3135631494463947
1	0	3	2.93172744898173	0.400509899158553
1	0	3	2.511958425224569	0.51815493939619
1	0	3	2.076702342464958	0.6654936349029336
1	0	3	1.628642699190446	0.831396132403632
1	0	3	1.17054193209677	0.9954580742233083
1	0	3	0.7052243847470262	1.130941008344889
1	0	3	0.235558894554412	1.209016447999852

1	0	3.1	5.995374217444337	0.09378513833461602
1	0	3.1	5.958410741729558	0.09497577746226972
1	0	3.1	5.884711682419383	0.09741893136063889
1	0	3.1	5.774731418721884	0.1012453966964887
1	0	3.1	5.629148015534905	0.1066704102357847
1	0	3.1	5.448859042950488	0.1140209539863923
1	0	3.1	5.234976042436783	0.1237811493416239
1	0	3.1	4.988817673815271	0.1366672344722691
1	0	3.1	4.71190158528447	0.1537527249058467
1	0	3.1	4.405935056614114	0.1766786344526031
1	0	3.1	4.07280447319765	0.2079960299230639
1	0	3.1	3.714563695859004	0.2516525428523799
1	0	3.1	3.333421398117614	0.3134020377530022
1	0	3.1	2.93172744898173	0.4002942427347663
1	0	3.1	2.511958425224569	0.5178597282246079
1	0	3.1	2.076702342464958	0.6650918765322843
1	0	3.1	1.628642699190446	0.8308679260680271
1	0	3.1	1.17054193209677	0.9947997868737666
1	0	3.1	0.7052243847470262	1.130171985416693
1	0	3.1	0.235558894554412	1.208182240204506

1	0	3.2	5.995374217444337	0.09374208070002522
1	0	3.2	5.958410741729558	0.09493215061570481
1	0	3.2	5.884711682419383	0.09737413456844554
1	0	3.2	5.774731418721884	0.1011987622523982
1	0	3.2	5.629148015534905	0.1066211592513649
1	0	3.2	5.448859042950488	0.1139681364543446
1	0	3.2	5.234976042436783	0.123723557258146
1	0	3.2	4.988817673815271	0.1366032685562184
1	0	3.2	4.71190158528447	0.1536801792009203
1	0	3.2	4.405935056614114	0.1765943310984139
1	0	3.2	4.07280447319765	0.2078951781789506
1	0	3.2	3.714563695859004	0.2515276219146063
1	0	3.2	3.333421398117614	0.3132410451291457
1	0	3.2	2.93172744898173	0.4000787513748568
1	0	3.2	2.511958425224569	0.5175647538568621
1	0	3.2	2.076702342464958	0.6646904571149539
1	0	3.2	1.628642699190446	0.8303401857628121
1	0	3.2	1.17054193209677	0.9941421008090515
1	0	3.2	0.7052243847470262	1.129403681918246
1	0	3.2	0.235558894554412	1.207348822670863

1	0	3.3	5.995374217444337	0.09369905313882126
1	0	3.3	5.958410741729558	0.0948885542451047
1	0	3.3	5.884711682419383	0.09732936908015084
1	0	3.3	5.774731418721884	0.1011521604139894
1	0	3.3	5.629148015534905	0.1065719427290502
1	0	3.3	5.448859042950488	0.1139153559204886
1	0	3.3	5.234976042436783	0.1236660055786133
1	0	3.3	4.988817673815271	0.1365393476110496
1	0	3.3	4.71190158528447	0.1536076846549117
1	0	3.3	4.405935056614114	0.1765100874692353
1	0	3.3	4.07280447319765	0.2077943984152002
1	0	3.3	3.714563695859004	0.2514027912733109
1	0	3.3	3.333421398117614	0.3130801714583822
1	0	3.3	2.93172744898173	0.3998634249132073
1	0	3.3	2.511958425224569	0.5172700160458802
1	0	3.3	2.076702342464958	0.6642893762811302
1	0	3.3	1.628642699190446	0.8298129109587334
1	0	3.3	1.17054193209677	0.9934850153249878
1	0	3.3	0.7052243847470262	1.128636096989126
1	0	3.3	0.235558894554412	1.206516194443287

1	0	3.4	5.995374217444337	0.09365605562237943
1	0	3.4	5.958410741729558	0.09484498832145985
1	0	3.4	5.884711682419383	0.09728463486595436
1	0	3.4	5.774731418721884	0.101105591150217
1	0	3.4	5.629148015534905	0.1065227606360194
1	0	3.4	5.448859042950488	0.1138626123495773
1	0	3.4	5.234976042436783	0.123608494264515
1	0	3.4	4.988817673815271	0.1364754715938712
1	0	3.4	4.71190158528447	0.1535352412189792
1	0	3.4	4.405935056614114	0.1764259035079568
1	0	3.4	4.07280447319765	0.2076936905627857
1	0	3.4	3.714563695859004	0.2512780508413769
1	0	3.4	3.333421398117614	0.3129194166244169
1	0	3.4	2.93172744898173	0.3996482631844082
1	0	3.4	2.511958425224569	0.5169755145449176
1	0	3.4	2.076702342464958	0.6638886336614968
1	0	3.4	1.628642699190446	0.8292861011272652
1	0	3.4	1.17054193209677	0.9928285297184125
1	0	3.4	0.7052243847470262	1.12786922977016
1	0	3.4	0.235558894554412	1.205684354567548

1	0	3.5	5.995374217444337	0.09361308812210981
1	0	3.5	5.958410741729558	0.09480145281579619
1	0	3.5	5.884711682419383	0.09723993189609101
1	0	3.5	5.774731418721884	0.1010590544300728
1	0	3.5	5.629148015534905	0.1064736129394918
1	0	3.5	5.448859042950488	0.1138099057064047
1	0	3.5	5.234976042436783	0.1235510232773875
1	0	3.5	4.988817673815271	0.1364116404618427
1	0	3.5	4.71190158528447	0.1534628488443399
1	0	3.5	4.405935056614114	0.1763417791575376
1	0	3.5	4.07280447319765	0.2075930545527629
1	0	3.5	3.714563695859004	0.2511534005317863
1	0	3.5	3.333421398117614	0.3127587805110953
1	0	3.5	2.93172744898173	0.3994332660232568
1	0	3.5	2.511958425224569	0.5166812491075407
1	0	3.5	2.076702342464958	0.6634882288872329
1	0	3.5	1.628642699190446	0.8287597557406162
1	0	3.5	1.17054193209677	0.9921726432871713
1	0	3.5	0.7052243847470262	1.127103079403433
1	0	3.5	0.235558894554412	1.204853302090823

1	0	3.6	5.995374217444337	0.09357015060945692
1	0	3.6	5.958410741729558	0.09475794769917463
1	0	3.6	5.884711682419383	0.09719526014083267
1	0	3.6	5.774731418721884	0.1010125502225878
1	0	3.6	5.629148015534905	0.1064244996067265
1	0	3.6	5.448859042950488	0.1137572359558081
1	0	3.6	5.234976042436783	0.1234935925788131
1	0	3.6	4.988817673815271	0.1363478541721762
1	0	3.6	4.71190158528447	0.1533905074822713
1	0	3.6	4.405935056614114	0.1762577143610071
1	0	3.6	4.07280447319765	0.2074924903162708
1	0	3.6	3.714563695859004	0.2510288402576325
1	0	3.6	3.333421398117614	0.3125982630024054
1	0	3.6	2.93172744898173	0.3992184332647568
1	0	3.6	2.511958425224569	0.5163872194876363
1	0	3.6	2.076702342464958	0.663088161590013
1	0	3.6	1.628642699190446	0.8282338742717329
1	0	3.6	1.17054193209677	0.9915173553301094
1	0	3.6	0.7052243847470262	1.126337645032273
1	0	3.6	0.235558894554412	1.204023036061691

1	0	3.7	5.995374217444337	0.09352724305589986
1	0	3.7	5.958410741729558	0.09471447294269082
1	0	3.7	5.884711682419383	0.09715061957048644
1	0	3.7	5.774731418721884	0.1009660784968293
1	0	3.7	5.629148015534905	0.1063754206050214
1	0	3.7	5.448859042950488	0.1137046030626682
1	0	3.7	5.234976042436783	0.1234362021304213
1	0	3.7	4.988817673815271	0.1362841126821356
1	0	3.7	4.71190158528447	0.1533182170841082
1	0	3.7	4.405935056614114	0.1761737090614627
1	0	3.7	4.07280447319765	0.207391997784532
1	0	3.7	3.714563695859004	0.2509043699321142
1	0	3.7	3.333421398117614	0.3124378639824754
1	0	3.7	2.93172744898173	0.3990037647441168
1	0	3.7	2.511958425224569	0.5160934254394126
1	0	3.7	2.076702342464958	0.6626884314020034
1	0	3.7	1.628642699190446	0.8277084561942991
1	0	3.7	1.17054193209677	0.9908626651470781
1	0	3.7	0.7052243847470262	1.125572925801266
1	0	3.7	0.235558894554412	1.20319355553013

1	0	3.8	5.995374217444337	0.09348436543295213
1	0	3.8	5.958410741729558	0.09467102851747566
1	0	3.8	5.884711682419383	0.0971060101553962
1	0	3.8	5.774731418721884	0.1009196392219023
1	0	3.8	5.629148015534905	0.1063263759017153
1	0	3.8	5.448859042950488	0.1136520069919075
1	0	3.8	5.234976042436783	0.123378851893888
1	0	3.8	4.988817673815271	0.1362204159490369
1	0	3.8	4.71190158528447	0.1532459776012461
1	0	3.8	4.405935056614114	0.1760897632020712
1	0	3.8	4.07280447319765	0.207291576888853
1	0	3.8	3.714563695859004	0.2507799894685333
1	0	3.8	3.333421398117614	0.3122775833355805
1	0	3.8	2.93172744898173	0.3987892602967525
1	0	3.8	2.511958425224569	0.5157998667173849
1	0	3.8	2.076702342464958	0.6622890379558666
1	0	3.8	1.628642699190446	0.8271835009827225
1	0	3.8	1.17054193209677	0.990208572038927
1	0	3.8	0.7052243847470262	1.124808920856242
1	0	3.8	0.235558894554412	1.202364859547528

1	0	3.9	5.995374217444337	0.09344151771216225
1	0	3.9	5.958410741729558	0.09462761439469533
1	0	3.9	5.884711682419383	0.09706143186594166
1	0	3.9	5.774731418721884	0.1008732323669489
1	0	3.9	5.629148015534905	0.1062773654641854
1	0	3.9	5.448859042950488	0.1135994477084908
1	0	3.9	5.234976042436783	0.1233215418309351
1	0	3.9	4.988817673815271	0.1361567639302469
1	0	3.9	4.71190158528447	0.1531737889851383
1	0	3.9	4.405935056614114	0.1760058767260681
1	0	3.9	4.07280447319765	0.207191227560624
1	0	3.9	3.714563695859004	0.2506556987802966
1	0	3.9	3.333421398117614	0.312117420946133
1	0	3.9	2.93172744898173	0.3985749197582847
1	0	3.9	2.511958425224569	0.5155065430763917
1	0	3.9	2.076702342464958	0.6618899808847609
1	0	3.9	1.628642699190446	0.8266590081121521
1	0	3.9	1.17054193209677	0.9895550753075123
1	0	3.9	0.7052243847470262	1.12404562934427
1	0	3.9	0.235558894554412	1.201536947166656

1	0	4	5.995374217444337	0.09339869986511248
1	0	4	5.958410741729558	0.09458423054555032
1	0	4	5.884711682419383	0.09701688467253732
1	0	4	5.774731418721884	0.1008268579011494
1	0	4	5.629148015534905	0.1062283892598488
1	0	4	5.448859042950488	0.1135469251774265
1	0	4	5.234976042436783	0.1232642719033313
1	0	4	4.988817673815271	0.1360931565831851
1	0	4	4.71190158528447	0.1531016511872971
1	0	4	4.405935056614114	0.1759220495767576
1	0	4	4.07280447319765	0.207090949731317
1	0	4	3.714563695859004	0.2505314977809205
1	0	4	3.333421398117614	0.3119573766986869
1	0	4	2.93172744898173	0.3983607429645365
1	0	4	2.511958425224569	0.5152134542715887
1	0	4	2.076702342464958	0.66149125982233
1	0	4	1.628642699190446	0.8261349770584583
1	0	4	1.17054193209677	0.9889021742556816
1	0	4	0.7052243847470262	1.123283050413669
1	0	4	0.235558894554412	1.200709817441682

1	0	4.100000000000001	5.995374217444337	0.09335591186342058
1	0	4.100000000000001	5.958410741729558	0.09454087694127587
1	0	4.100000000000001	5.884711682419383	0.09697236854563454
1	0	4.100000000000001	5.774731418721884	0.1007805157937208
1	0	4.100000000000001	5.629148015534905	0.1061794472561625
1	0	4.100000000000001	5.448859042950488	0.1134944393637634
1	0	4.100000000000001	5.234976042436783	0.1232070420728913
1	0	4.100000000000001	4.988817673815271	0.1360295938653219
1	0	4.100000000000001	4.71190158528447	0.1530295641592936
1	0	4.100000000000001	4.405935056614114	0.1758382816975139
1	0	4.100000000000001	4.07280447319765	0.2069907433324897
1	0	4.100000000000001	3.714563695859004	0.2504073863840205
1	0	4.100000000000001	3.333421398117614	0.3117974504779395
1	0	4.100000000000001	2.93172744898173	0.3981467297515403
1	0	4.100000000000001	2.511958425224569	0.5149206000584451
1	0	4.100000000000001	2.076702342464958	0.6610928744027091
1	0	4.100000000000001	1.628642699190446	0.825611407298241
1	0	4.100000000000001	1.17054193209677	0.9882498681872859
1	0	4.100000000000001	0.7052243847470262	1.122521183213994
1	0	4.100000000000001	0.235558894554412	1.199883469428166

1	0	4.2	5.995374217444337	0.09331315367873687
1	0	4.2	5.958410741729558	0.09449755355314314
1	0	4.2	5.884711682419383	0.09692788345572023
1	0	4.2	5.774731418721884	0.1007342060139171
1	0	4.2	5.629148015534905	0.1061305394206217
1	0	4.2	5.448859042950488	0.1134419902325943
1	0	4.2	5.234976042436783	0.1231498523014763
1	0	4.2	4.988817673815271	0.135966075734179
1	0	4.2	4.71190158528447	0.1529575278527586
1	0	4.2	4.405935056614114	0.1757545730317782
1	0	4.2	4.07280447319765	0.2068906082957798
1	0	4.2	3.714563695859004	0.2502833645033227
1	0	4.2	3.333421398117614	0.31163764216873
1	0	4.2	2.93172744898173	0.3979328799555289
1	0	4.2	2.511958425224569	0.5146279801927406
1	0	4.2	2.076702342464958	0.6606948242605284
1	0	4.2	1.628642699190446	0.8250882983088322
1	0	4.2	1.17054193209677	0.9875981564071608
1	0	4.2	0.7052243847470262	1.121760026896055
1	0	4.2	0.235558894554412	1.199057902183067

1	0	4.3	5.995374217444337	0.0932704252827478
1	0	4.3	5.958410741729558	0.09445426035245681
1	0	4.3	5.884711682419383	0.09688342937331676
1	0	4.3	5.774731418721884	0.1006879285310302
1	0	4.3	5.629148015534905	0.1060816657207626
1	0	4.3	5.448859042950488	0.1133895777490534
1	0	4.3	5.234976042436783	0.123092702550993
1	0	4.3	4.988817673815271	0.1359026021473308
1	0	4.3	4.71190158528447	0.1528855422193792
1	0	4.3	4.405935056614114	0.1756709235230598
1	0	4.3	4.07280447319765	0.206790544552908
1	0	4.3	3.714563695859004	0.2501594320526555
1	0	4.3	3.333421398117614	0.3114779516560356
1	0	4.3	2.93172744898173	0.3977191934129398
1	0	4.3	2.511958425224569	0.5143355944305734
1	0	4.3	2.076702342464958	0.6602971090309077
1	0	4.3	1.628642699190446	0.8245656495682891
1	0	4.3	1.17054193209677	0.9869470382211498
1	0	4.3	0.7052243847470262	1.120999580611862
1	0	4.3	0.235558894554412	1.198233114764706

1	0	4.4	5.995374217444337	0.09322772664717294
1	0	4.4	5.958410741729558	0.09441099731055679
1	0	4.4	5.884711682419383	0.09683900626898248
1	0	4.4	5.774731418721884	0.1006416833143888
1	0	4.4	5.629148015534905	0.1060328261241591
1	0	4.4	5.448859042950488	0.1133372018783179
1	0	4.4	5.234976042436783	0.1230355927833953
1	0	4.4	4.988817673815271	0.1358391730624002
1	0	4.4	4.71190158528447	0.1528136072109027
1	0	4.4	4.405935056614114	0.1755873331149378
1	0	4.4	4.07280447319765	0.2066905520356813
1	0	4.4	3.714563695859004	0.2500355889459496
1	0	4.4	3.333421398117614	0.3113183788249755
1	0	4.4	2.93172744898173	0.3975056699604173
1	0	4.4	2.511958425224569	0.514043442528358
1	0	4.4	2.076702342464958	0.6598997283494471
1	0	4.4	1.628642699190446	0.8240434605553923
1	0	4.4	1.17054193209677	0.98629651293607
1	0	4.4	0.7052243847470262	1.120239843514693
1	0	4.4	0.235558894554412	1.197409106232813

1	0	4.5	5.995374217444337	0.09318505774376663
1	0	4.5	5.958410741729558	0.09436776439881753
1	0	4.5	5.884711682419383	0.09679461411331068
1	0	4.5	5.774731418721884	0.1005954703333582
1	0	4.5	5.629148015534905	0.1059840205984251
1	0	4.5	5.448859042950488	0.1132848625856054
1	0	4.5	5.234976042436783	0.1229785229606818
1	0	4.5	4.988817673815271	0.1357757884370652
1	0	4.5	4.71190158528447	0.1527417227791339
1	0	4.5	4.405935056614114	0.1755038017510595
1	0	4.5	4.07280447319765	0.2065906306759846
1	0	4.5	3.714563695859004	0.2499118350972467
1	0	4.5	3.333421398117614	0.3111589235608108
1	0	4.5	2.93172744898173	0.397292309434805
1	0	4.5	2.511958425224569	0.5137515242428173
1	0	4.5	2.076702342464958	0.6595026818522468
1	0	4.5	1.628642699190446	0.823521730749646
1	0	4.5	1.17054193209677	0.9856465798597424
1	0	4.5	0.7052243847470262	1.119480814759043
1	0	4.5	0.235558894554412	1.196585875648492

1	0	4.600000000000001	5.995374217444337	0.09314241854431667
1	0	4.600000000000001	5.958410741729558	0.09432456158864855
1	0	4.600000000000001	5.884711682419383	0.09675025287693102
1	0	4.600000000000001	5.774731418721884	0.1005492895573414
1	0	4.600000000000001	5.629148015534905	0.1059352491112138
1	0	4.600000000000001	5.448859042950488	0.1132325598361774
1	0	4.600000000000001	5.234976042436783	0.1229214930448978
1	0	4.600000000000001	4.988817673815271	0.1357124482290512
1	0	4.600000000000001	4.71190158528447	0.1526698888759374
1	0	4.600000000000001	4.405935056614114	0.1754203293751397
1	0	4.600000000000001	4.07280447319765	0.2064907804057887
1	0	4.600000000000001	3.714563695859004	0.249788170420684
1	0	4.600000000000001	3.333421398117614	0.3109995857489394
1	0	4.600000000000001	2.93172744898173	0.3970791116731523
1	0	4.600000000000001	2.511958425224569	0.5134598393309888
1	0	4.600000000000001	2.076702342464958	0.6591059691758863
1	0	4.600000000000001	1.628642699190446	0.823000459631274
1	0	4.600000000000001	1.17054193209677	0.9849972383009727
1	0	4.600000000000001	0.7052243847470262	1.118722493500644
1	0	4.600000000000001	0.235558894554412	1.195763422074224

1	0	4.7	5.995374217444337	0.09309980902064535
1	0	4.7	5.958410741729558	0.09428138885149299
1	0	4.7	5.884711682419383	0.09670592253050848
1	0	4.7	5.774731418721884	0.1005031409557783
1	0	4.7	5.629148015534905	0.1058865116302169
1	0	4.7	5.448859042950488	0.1131802935953366
1	0	4.7	5.234976042436783	0.1228645029981351
1	0	4.7	4.988817673815271	0.1356491523961391
1	0	4.7	4.71190158528447	0.1525981054532333
1	0	4.7	4.405935056614114	0.175336915930961
1	0	4.7	4.07280447319765	0.206391001157145
1	0	4.7	3.714563695859004	0.2496645948305098
1	0	4.7	3.333421398117614	0.3108403652749012
1	0	4.7	2.93172744898173	0.3968660765127092
1	0	4.7	2.511958425224569	0.5131683875502251
1	0	4.7	2.076702342464958	0.6587095899574309
1	0	4.7	1.628642699190446	0.8224796466812291
1	0	4.7	1.17054193209677	0.9843484875695468
1	0	4.7	0.7052243847470262	1.117964878896447
1	0	4.7	0.235558894554412	1.194941744573858

1	0	4.800000000000001	5.995374217444337	0.09305722914460925
1	0	4.800000000000001	5.958410741729558	0.0942382461588291
1	0	4.800000000000001	5.884711682419383	0.09666162304474231
1	0	4.800000000000001	5.774731418721884	0.1004570244981456
1	0	4.800000000000001	5.629148015534905	0.105837808123165
1	0	4.800000000000001	5.448859042950488	0.1131280638284273
1	0	4.800000000000001	5.234976042436783	0.1228075527825293
1	0	4.800000000000001	4.988817673815271	0.1355859008961554
1	0	4.800000000000001	4.71190158528447	0.152526372463002
1	0	4.800000000000001	4.405935056614114	0.1752535613623747
1	0	4.800000000000001	4.07280447319765	0.2062912928621875
1	0	4.800000000000001	3.714563695859004	0.2495411082410738
1	0	4.800000000000001	3.333421398117614	0.3106812620243785
1	0	4.800000000000001	2.93172744898173	0.3966532037909327
1	0	4.800000000000001	2.511958425224569	0.5128771686581861
1	0	4.800000000000001	2.076702342464958	0.6583135438344341
1	0	4.800000000000001	1.628642699190446	0.8219592913811835
1	0	4.800000000000001	1.17054193209677	0.9837003269762431
1	0	4.800000000000001	0.7052243847470262	1.11720797010463
1	0	4.800000000000001	0.235558894554412	1.194120842212637

1	0	4.9	5.995374217444337	0.09301467888809854
1	0	4.9	5.958410741729558	0.09419513348216928
1	0	4.9	5.884711682419383	0.09661735439036921
1	0	4.9	5.774731418721884	0.1004109401539566
1	0	4.9	5.629148015534905	0.1057891385578291
1	0	4.9	5.448859042950488	0.1130758705008363
1	0	4.9	5.234976042436783	0.122750642360264
1	0	4.9	4.988817673815271	0.1355226936869816
1	0	4.9	4.71190158528447	0.1524546898572817
1	0	4.9	4.405935056614114	0.1751702656132994
1	0	4.9	4.07280447319765	0.2061916554531327
1	0	4.9	3.714563695859004	0.24941771056683
1	0	4.9	3.333421398117614	0.3105222758831897
1	0	4.9	2.93172744898173	0.3964404933454757
1	0	4.9	2.511958425224569	0.5125861824128474
1	0	4.9	2.076702342464958	0.6579178304449378
1	0	4.9	1.628642699190446	0.8214393932135184
1	0	4.9	1.17054193209677	0.9830527558328199
1	0	4.9	0.7052243847470262	1.116451766284602
1	0	4.9	0.235558894554412	1.193300714057167

1	0	5	5.995374217444337	0.09297215822303777
1	0	5	5.958410741729558	0.09415205079306101
1	0	5	5.884711682419383	0.09657311653815956
1	0	5	5.774731418721884	0.1003648878927614
1	0	5	5.629148015534905	0.1057405029020172
1	0	5	5.448859042950488	0.1130237135779919
1	0	5	5.234976042436783	0.1226937716935674
1	0	5	4.988817673815271	0.1354595307265489
1	0	5	4.71190158528447	0.1523830575881677
1	0	5	4.405935056614114	0.1750870286277225
1	0	5	4.07280447319765	0.2060920888622785
1	0	5	3.714563695859004	0.2492944017223351
1	0	5	3.333421398117614	0.3103634067372937
1	0	5	2.93172744898173	0.3962279450141994
1	0	5	2.511958425224569	0.5122954285724929
1	0	5	2.076702342464958	0.6575224494274649
1	0	5	1.628642699190446	0.8209199516613508
1	0	5	1.17054193209677	0.9824057734520194
1	0	5	0.7052243847470262	1.115696266596994
1	0	5	0.235558894554412	1.192481359175407

1	0	5.100000000000001	5.995374217444337	0.09292966712138476
1	0	5.100000000000001	5.958410741729558	0.09410899806308493
1	0	5.100000000000001	5.884711682419383	0.0965289094589194
1	0	5.100000000000001	5.774731418721884	0.1003188676841477
1	0	5.100000000000001	5.629148015534905	0.1056919011235771
1	0	5.100000000000001	5.448859042950488	0.1129715930253639
1	0	5.100000000000001	5.234976042436783	0.122636940744713
1	0	5.100000000000001	4.988817673815271	0.1353964119728383
1	0	5.100000000000001	4.71190158528447	0.1523114756078134
1	0	5.100000000000001	4.405935056614114	0.1750038503496975
1	0	5.100000000000001	4.07280447319765	0.2059925930220046
1	0	5.100000000000001	3.714563695859004	0.249171181622252
1	0	5.100000000000001	3.333421398117614	0.310204654472787
1	0	5.100000000000001	2.93172744898173	0.3960155586351612
1	0	5.100000000000001	2.511958425224569	0.5120049068957173
1	0	5.100000000000001	2.076702342464958	0.6571274004210149
1	0	5.100000000000001	1.628642699190446	0.8204009662084946
1	0	5.100000000000001	1.17054193209677	0.9817593791475545
1	0	5.100000000000001	0.7052243847470262	1.114941470203638
1	0	5.100000000000001	0.235558894554412	1.191662776636722

1	0	5.2	5.995374217444337	0.09288720555513123
1	0	5.2	5.958410741729558	0.09406597526385724
1	0	5.2	5.884711682419383	0.09648473312349035
1	0	5.2	5.774731418721884	0.1002728794977387
1	0	5.2	5.629148015534905	0.1056433331903956
1	0	5.2	5.448859042950488	0.1129195088084643
1	0	5.2	5.234976042436783	0.1225801494760202
1	0	5.2	4.988817673815271	0.1353333373838838
1	0	5.2	4.71190158528447	0.1522399438684311
1	0	5.2	4.405935056614114	0.1749207307233477
1	0	5.2	4.07280447319765	0.2058931678647741
1	0	5.2	3.714563695859004	0.2490480501813427
1	0	5.2	3.333421398117614	0.3100460189759106
1	0	5.2	2.93172744898173	0.3958033340466218
1	0	5.2	2.511958425224569	0.5117146171414255
1	0	5.2	2.076702342464958	0.656732683065079
1	0	5.2	1.628642699190446	0.8198824363394903
1	0	5.2	1.17054193209677	0.9811135722341314
1	0	5.2	0.7052243847470262	1.11418737626761
1	0	5.2	0.235558894554412	1.1908449655118

1	0	5.300000000000001	5.995374217444337	0.0928447734963036
1	0	5.300000000000001	5.958410741729558	0.09402298236702751
1	0	5.300000000000001	5.884711682419383	0.0964405875027492
1	0	5.300000000000001	5.774731418721884	0.1002269233031955
1	0	5.300000000000001	5.629148015534905	0.1055947990703987
1	0	5.300000000000001	5.448859042950488	0.1128674608928463
1	0	5.300000000000001	5.234976042436783	0.1225233978498543
1	0	5.300000000000001	4.988817673815271	0.1352703069177686
1	0	5.300000000000001	4.71190158528447	0.1521684623222884
1	0	5.300000000000001	4.405935056614114	0.1748376696928611
1	0	5.300000000000001	4.07280447319765	0.2057938133231287
1	0	5.300000000000001	3.714563695859004	0.2489250073144768
1	0	5.300000000000001	3.333421398117614	0.3098875001330385
1	0	5.300000000000001	2.93172744898173	0.3955912710870449
1	0	5.300000000000001	2.511958425224569	0.5114245590688347
1	0	5.300000000000001	2.076702342464958	0.6563382969996282
1	0	5.300000000000001	1.628642699190446	0.8193643615395952
1	0	5.300000000000001	1.17054193209677	0.9804683520274173
1	0	5.300000000000001	0.7052243847470262	1.113433983953183
1	0	5.300000000000001	0.235558894554412	1.190027924872725

1	0	5.4	5.995374217444337	0.09280237091696096
1	0	5.4	5.958410741729558	0.09398001934427976
1	0	5.4	5.884711682419383	0.09639647256760714
1	0	5.4	5.774731418721884	0.1001809990702145
1	0	5.4	5.629148015534905	0.1055462987315491
1	0	5.4	5.448859042950488	0.1128154492441047
1	0	5.4	5.234976042436783	0.1224666858286254
1	0	5.4	4.988817673815271	0.135207320532625
1	0	5.4	4.71190158528447	0.1520970309217132
1	0	5.4	4.405935056614114	0.1747546672024946
1	0	5.4	4.07280447319765	0.2056945293296936
1	0	5.4	3.714563695859004	0.2488020529366247
1	0	5.4	3.333421398117614	0.3097290978306834
1	0	5.4	2.93172744898173	0.3953793695950941
1	0	5.4	2.511958425224569	0.5111347324374695
1	0	5.4	2.076702342464958	0.6559442418651127
1	0	5.4	1.628642699190446	0.8188467412947742
1	0	5.4	1.17054193209677	0.9798237178440673
1	0	5.4	0.7052243847470262	1.112681292425836
1	0	5.4	0.235558894554412	1.189211653792921

1	0	5.5	5.995374217444337	0.09275999778919658
1	0	5.5	5.958410741729558	0.09393708616733214
1	0	5.5	5.884711682419383	0.09635238828901151
1	0	5.5	5.774731418721884	0.1001351067685294
1	0	5.5	5.629148015534905	0.1054978321418504
1	0	5.5	5.448859042950488	0.1127634738278756
1	0	5.5	5.234976042436783	0.1224100133747888
1	0	5.5	4.988817673815271	0.1351443781866396
1	0	5.5	4.71190158528447	0.1520256496190887
1	0	5.5	4.405935056614114	0.1746717231965723
1	0	5.5	4.07280447319765	0.2055953158171756
1	0	5.5	3.714563695859004	0.2486791869628608
1	0	5.5	3.333421398117614	0.3095708119555013
1	0	5.5	2.93172744898173	0.3951676294096313
1	0	5.5	2.511958425224569	0.5108451370071609
1	0	5.5	2.076702342464958	0.6555505173024652
1	0	5.5	1.628642699190446	0.8183295750917026
1	0	5.5	1.17054193209677	0.9791796690016995
1	0	5.5	0.7052243847470262	1.111929300852294
1	0	5.5	0.235558894554412	1.188396151347171

1	0	5.600000000000001	5.995374217444337	0.09271765408513712
1	0	5.600000000000001	5.958410741729558	0.09389418280793721
1	0	5.600000000000001	5.884711682419383	0.09630833463794385
1	0	5.600000000000001	5.774731418721884	0.1000892463679108
1	0	5.600000000000001	5.629148015534905	0.105449399269343
1	0	5.600000000000001	5.448859042950488	0.1127115346098373
1	0	5.600000000000001	5.234976042436783	0.1223533804508457
1	0	5.600000000000001	4.988817673815271	0.1350814798380453
1	0	5.600000000000001	4.71190158528447	0.1519543183668574
1	0	5.600000000000001	4.405935056614114	0.1745888376194868
1	0	5.600000000000001	4.07280447319765	0.2054961727183628
1	0	5.600000000000001	3.714563695859004	0.2485564093083606
1	0	5.600000000000001	3.333421398117614	0.3094126423942812
1	0	5.600000000000001	2.93172744898173	0.3949560503697205
1	0	5.600000000000001	2.511958425224569	0.5105557725380508
1	0	5.600000000000001	2.076702342464958	0.6551571229530965
1	0	5.600000000000001	1.628642699190446	0.817812862417777
1	0	5.600000000000001	1.17054193209677	0.9785362048189095
1	0	5.600000000000001	0.7052243847470262	1.111178008400455
1	0	5.600000000000001	0.235558894554412	1.187581416611627

1	0	5.7	5.995374217444337	0.09267533977694312
1	0	5.7	5.958410741729558	0.0938513092378805
1	0	5.7	5.884711682419383	0.09626431158542098
1	0	5.7	5.774731418721884	0.1000434178381642
1	0	5.7	5.629148015534905	0.1054010000821073
1	0	5.7	5.448859042950488	0.1126596315557088
1	0	5.7	5.234976042436783	0.1222967870193423
1	0	5.7	4.988817673815271	0.1350186254451285
1	0	5.7	4.71190158528447	0.1518830371175178
1	0	5.7	4.405935056614114	0.1745060104156952
1	0	5.7	4.07280447319765	0.2053970999661231
1	0	5.7	3.714563695859004	0.2484337198884037
1	0	5.7	3.333421398117614	0.3092545890339549
1	0	5.7	2.93172744898173	0.3947446323146236
1	0	5.7	2.511958425224569	0.510266638790586
1	0	5.7	2.076702342464958	0.6547640584588942
1	0	5.7	1.628642699190446	0.8172966027610907
1	0	5.7	1.17054193209677	0.9778933246152636
1	0	5.7	0.7052243847470262	1.110427414239436
1	0	5.7	0.235558894554412	1.186767448663785

1	0	5.800000000000001	5.995374217444337	0.0926330548368086
1	0	5.800000000000001	5.958410741729558	0.09380846542898297
1	0	5.800000000000001	5.884711682419383	0.09622031910249471
1	0	5.800000000000001	5.774731418721884	0.09999762114913352
1	0	5.800000000000001	5.629148015534905	0.1053526345482613
1	0	5.800000000000001	5.448859042950488	0.1126077646312504
1	0	5.800000000000001	5.234976042436783	0.1222402330428697
1	0	5.800000000000001	4.988817673815271	0.1349558149662243
1	0	5.800000000000001	4.71190158528447	0.1518118058236261
1	0	5.800000000000001	4.405935056614114	0.1744232415297229
1	0	5.800000000000001	4.07280447319765	0.2052980974934056
1	0	5.800000000000001	3.714563695859004	0.2483111186183719
1	0	5.800000000000001	3.333421398117614	0.3090966517615872
1	0	5.800000000000001	2.93172744898173	0.3945333750838049
1	0	5.800000000000001	2.511958425224569	0.5099777355255229
1	0	5.800000000000001	2.076702342464958	0.6543713234622283
1	0	5.800000000000001	1.628642699190446	0.8167807956104516
1	0	5.800000000000001	1.17054193209677	0.9772510277112881
1	0	5.800000000000001	0.7052243847470262	1.109677517539555
1	0	5.800000000000001	0.235558894554412	1.185954246582494

1	0	5.9	5.995374217444337	0.09259079923696112
1	0	5.9	5.958410741729558	0.09376565135309882
1	0	5.9	5.884711682419383	0.09617635716025121
1	0	5.9	5.774731418721884	0.09995185627069718
1	0	5.9	5.629148015534905	0.1053043026359612
1	0	5.9	5.448859042950488	0.1125559338022643
1	0	5.9	5.234976042436783	0.1221837184840643
1	0	5.9	4.988817673815271	0.1348930483597177
1	0	5.9	4.71190158528447	0.1517406244377956
1	0	5.9	4.405935056614114	0.174340530906162
1	0	5.9	4.07280447319765	0.2051991652332426
1	0	5.9	3.714563695859004	0.248188605413749
1	0	5.9	3.333421398117614	0.3089388304643844
1	0	5.9	2.93172744898173	0.3943222785169258
1	0	5.9	2.511958425224569	0.5096890625039249
1	0	5.9	2.076702342464958	0.6539789176059361
1	0	5.9	1.628642699190446	0.8162654404553805
1	0	5.9	1.17054193209677	0.9766093134284842
1	0	5.9	0.7052243847470262	1.108928317472348
1	0	5.9	0.235558894554412	1.185141809447939

1	0	6	5.995374217444337	0.09254857294966091
1	0	6	5.958410741729558	0.09372286698211617
1	0	6	5.884711682419383	0.09613242572981252
1	0	6	5.774731418721884	0.09990612317277063
1	0	6	5.629148015534905	0.1052560043134025
1	0	6	5.448859042950488	0.1125041390345929
1	0	6	5.234976042436783	0.1221272433056073
1	0	6	4.988817673815271	0.1348303255840456
1	0	6	4.71190158528447	0.1516694929126971
1	0	6	4.405935056614114	0.1742578784896714
1	0	6	4.07280447319765	0.2051003031187432
1	0	6	3.714563695859004	0.2480661801901216
1	0	6	3.333421398117614	0.3087811250296868
1	0	6	2.93172744898173	0.3941113424538483
1	0	6	2.511958425224569	0.5094006194871636
1	0	6	2.076702342464958	0.6535868405333489
1	0	6	1.628642699190446	0.8157505367860927
1	0	6	1.17054193209677	0.9759681810893178
1	0	6	0.7052243847470262	1.108179813210534
1	0	6	0.235558894554412	1.184330136341674

1	0	6.100000000000001	5.995374217444337	0.09250637594720304
1	0	6.100000000000001	5.958410741729558	0.0936801122879564
1	0	6.100000000000001	5.884711682419383	0.09608852478233432
1	0	6.100000000000001	5.774731418721884	0.09986042182530612
1	0	6.100000000000001	5.629148015534905	0.1052077395488179
1	0	6.100000000000001	5.448859042950488	0.1124523802941209
1	0	6.100000000000001	5.234976042436783	0.1220708074702252
1	0	6.100000000000001	4.988817673815271	0.1347676465976936
1	0	6.100000000000001	4.71190158528447	0.1515984112010583
1	0	6.100000000000001	4.405935056614114	0.1741752842249778
1	0	6.100000000000001	4.07280447319765	0.2050015110831004
1	0	6.100000000000001	3.714563695859004	0.2479438428631784
1	0	6.100000000000001	3.333421398117614	0.3086235353449746
1	0	6.100000000000001	2.93172744898173	0.3939005667346299
1	0	6.100000000000001	2.511958425224569	0.5091124062369077
1	0	6.100000000000001	2.076702342464958	0.6531950918882586
1	0	6.100000000000001	1.628642699190446	0.815236084093518
1	0	6.100000000000001	1.17054193209677	0.9753276300172133
1	0	6.100000000000001	0.7052243847470262	1.107432003928037
1	0	6.100000000000001	0.235558894554412	1.183519226346587

1	0	6.2	5.995374217444337	0.0924642082019148
1	0	6.2	5.958410741729558	0.09363738724257627
1	0	6.2	5.884711682419383	0.09604465428900745
1	0	6.2	5.774731418721884	0.09981475219829126
1	0	6.2	5.629148015534905	0.1051595083104795
1	0	6.2	5.448859042950488	0.1124006575467726
1	0	6.2	5.234976042436783	0.1220144109406888
1	0	6.2	4.988817673815271	0.1347050113591964
1	0	6.2	4.71190158528447	0.1515273792556633
1	0	6.2	4.405935056614114	0.1740927480568722
1	0	6.2	4.07280447319765	0.2049027890595879
1	0	6.2	3.714563695859004	0.2478215933487098
1	0	6.2	3.333421398117614	0.3084660612978672
1	0	6.2	2.93172744898173	0.3936899511995304
1	0	6.2	2.511958425224569	0.5088244225151389
1	0	6.2	2.076702342464958	0.6528036713149379
1	0	6.2	1.628642699190446	0.8147220818692874
1	0	6.2	1.17054193209677	0.9746876595365626
1	0	6.2	0.7052243847470262	1.106684888799983
1	0	6.2	0.235558894554412	1.182709078546898

1	0	6.300000000000001	5.995374217444337	0.09242206968615652
1	0	6.300000000000001	5.958410741729558	0.09359469181796441
1	0	6.300000000000001	5.884711682419383	0.09600081422105766
1	0	6.300000000000001	5.774731418721884	0.09976911426174966
1	0	6.300000000000001	5.629148015534905	0.1051113105666964
1	0	6.300000000000001	5.448859042950488	0.1123489707585142
1	0	6.300000000000001	5.234976042436783	0.1219580536798144
1	0	6.300000000000001	4.988817673815271	0.1346424198271411
1	0	6.300000000000001	4.71190158528447	0.1514563970293533
1	0	6.300000000000001	4.405935056614114	0.1740102699302142
1	0	6.300000000000001	4.07280447319765	0.2048041369815577
1	0	6.300000000000001	3.714563695859004	0.2476994315626058
1	0	6.300000000000001	3.333421398117614	0.3083087027761135
1	0	6.300000000000001	2.93172744898173	0.3934794956890054
1	0	6.300000000000001	2.511958425224569	0.5085366680841436
1	0	6.300000000000001	2.076702342464958	0.6524125784581323
1	0	6.300000000000001	1.628642699190446	0.8142085296057348
1	0	6.300000000000001	1.17054193209677	0.9740482689727123
1	0	6.300000000000001	0.7052243847470262	1.105938467002681
1	0	6.300000000000001	0.235558894554412	1.181899692028184

1	0	6.4	5.995374217444337	0.09237996037232327
1	0	6.4	5.958410741729558	0.09355202598614396
1	0	6.4	5.884711682419383	0.095957004549745
1	0	6.4	5.774731418721884	0.09972350798574139
1	0	6.4	5.629148015534905	0.1050631462858164
1	0	6.4	5.448859042950488	0.1122973198953534
1	0	6.4	5.234976042436783	0.1219017356504619
1	0	6.4	4.988817673815271	0.1345798719601625
1	0	6.4	4.71190158528447	0.151385464475027
1	0	6.4	4.405935056614114	0.1739278497899276
1	0	6.4	4.07280447319765	0.2047055547824427
1	0	6.4	3.714563695859004	0.2475773574208618
1	0	6.4	3.333421398117614	0.3081514596676034
1	0	6.4	2.93172744898173	0.3932692000437071
1	0	6.4	2.511958425224569	0.5082491427065114
1	0	6.4	2.076702342464958	0.6520218129630636
1	0	6.4	1.628642699190446	0.8136954267958938
1	0	6.4	1.17054193209677	0.9734094576519676
1	0	6.4	0.7052243847470262	1.105192737713649
1	0	6.4	0.235558894554412	1.181091065877345

1	0	6.5	5.995374217444337	0.09233788023284221
1	0	6.5	5.958410741729558	0.0935093897191725
1	0	6.5	5.884711682419383	0.09591322524636441
1	0	6.5	5.774731418721884	0.09967793334036301
1	0	6.5	5.629148015534905	0.1050150154362252
1	0	6.5	5.448859042950488	0.1122457049233374
1	0	6.5	5.234976042436783	0.1218454568155376
1	0	6.5	4.988817673815271	0.1345173677169464
1	0	6.5	4.71190158528447	0.151314581545638
1	0	6.5	4.405935056614114	0.1738454875810065
1	0	6.5	4.07280447319765	0.2046070423957575
1	0	6.5	3.714563695859004	0.247455370839572
1	0	6.5	3.333421398117614	0.3079943318603644
1	0	6.5	2.93172744898173	0.3930590641044879
1	0	6.5	2.511958425224569	0.5079618461451337
1	0	6.5	2.076702342464958	0.6516313744754194
1	0	6.5	1.628642699190446	0.8131827729335022
1	0	6.5	1.17054193209677	0.9727712249016017
1	0	6.5	0.7052243847470262	1.104447700111567
1	0	6.5	0.235558894554412	1.180283199182615

1	0	6.600000000000001	5.995374217444337	0.09229582924017317
1	0	6.600000000000001	5.958410741729558	0.09346678298914005
1	0	6.600000000000001	5.884711682419383	0.09586947628224485
1	0	6.600000000000001	5.774731418721884	0.09963239029574589
1	0	6.600000000000001	5.629148015534905	0.1049669179863474
1	0	6.600000000000001	5.448859042950488	0.1121941258085556
1	0	6.600000000000001	5.234976042436783	0.1217892171379916
1	0	6.600000000000001	4.988817673815271	0.1344549070562276
1	0	6.600000000000001	4.71190158528447	0.1512437481941988
1	0	6.600000000000001	4.405935056614114	0.173763183248506
1	0	6.600000000000001	4.07280447319765	0.2045085997550955
1	0	6.600000000000001	3.714563695859004	0.2473334717349333
1	0	6.600000000000001	3.333421398117614	0.3078373192425589
1	0	6.600000000000001	2.93172744898173	0.392849087712397
1	0	6.600000000000001	2.511958425224569	0.5076747781632097
1	0	6.600000000000001	2.076702342464958	0.6512412626413661
1	0	6.600000000000001	1.628642699190446	0.8126705675129851
1	0	6.600000000000001	1.17054193209677	0.972133570049827
1	0	6.600000000000001	0.7052243847470262	1.10370335337634
1	0	6.600000000000001	0.235558894554412	1.179476091033576

1	0	6.7	5.995374217444337	0.09225380736681046
1	0	6.7	5.958410741729558	0.09342420576817054
1	0	6.7	5.884711682419383	0.09582575762874951
1	0	6.7	5.774731418721884	0.09958687882205849
1	0	6.7	5.629148015534905	0.104918853904644
1	0	6.7	5.448859042950488	0.1121425825171374
1	0	6.7	5.234976042436783	0.1217330165808173
1	0	6.7	4.988817673815271	0.1343924899367912
1	0	6.7	4.71190158528447	0.1511729643737763
1	0	6.7	4.405935056614114	0.1736809367375501
1	0	6.7	4.07280447319765	0.2044102267941292
1	0	6.7	3.714563695859004	0.2472116600232423
1	0	6.7	3.333421398117614	0.3076804217024842
1	0	6.7	2.93172744898173	0.392639270708677
1	0	6.7	2.511958425224569	0.507387938524234
1	0	6.7	2.076702342464958	0.6508514771075403
1	0	6.7	1.628642699190446	0.812158810029487
1	0	6.7	1.17054193209677	0.9714964924258179
1	0	6.7	0.7052243847470262	1.102959696689032
1	0	6.7	0.235558894554412	1.17866974052112

1	0	6.800000000000001	5.995374217444337	0.09221181458528052
1	0	6.800000000000001	5.958410741729558	0.09338165802842162
1	0	6.800000000000001	5.884711682419383	0.09578206925727718
1	0	6.800000000000001	5.774731418721884	0.09954139888950375
1	0	6.800000000000001	5.629148015534905	0.104870823159615
1	0	6.800000000000001	5.448859042950488	0.112091075015253
1	0	6.800000000000001	5.234976042436783	0.1216768551070546
1	0	6.800000000000001	4.988817673815271	0.1343301163174711
1	0	6.800000000000001	4.71190158528447	0.1511022300374957
1	0	6.800000000000001	4.405935056614114	0.1735987479933298
1	0	6.800000000000001	4.07280447319765	0.2043119234466123
1	0	6.800000000000001	3.714563695859004	0.247089935620899
1	0	6.800000000000001	3.333421398117614	0.3075236391285742
1	0	6.800000000000001	2.93172744898173	0.3924296129347739
1	0	6.800000000000001	2.511958425224569	0.5071013269920156
1	0	6.800000000000001	2.076702342464958	0.650462017521049
1	0	6.800000000000001	1.628642699190446	0.8116474999788353
1	0	6.800000000000001	1.17054193209677	0.9708599913597024
1	0	6.800000000000001	0.7052243847470262	1.102216729231903
1	0	6.800000000000001	0.235558894554412	1.177864146737483

1	0	6.9	5.995374217444337	0.0921698508681431
1	0	6.9	5.958410741729558	0.09333913974208376
1	0	6.9	5.884711682419383	0.09573841113926049
1	0	6.9	5.774731418721884	0.09949595046832203
1	0	6.9	5.629148015534905	0.1048228257197979
1	0	6.9	5.448859042950488	0.1120396032691131
1	0	6.9	5.234976042436783	0.1216207326797865
1	0	6.9	4.988817673815271	0.1342677861571504
1	0	6.9	4.71190158528447	0.1510315451385366
1	0	6.9	4.405935056614114	0.1735166169610998
1	0	6.9	4.07280447319765	0.2042136896463794
1	0	6.9	3.714563695859004	0.2469682984444008
1	0	6.9	3.333421398117614	0.3073669714093986
1	0	6.9	2.93172744898173	0.3922201142323234
1	0	6.9	2.511958425224569	0.5068149433306542
1	0	6.9	2.076702342464958	0.6500728835294627
1	0	6.9	1.628642699190446	0.8111366368575538
1	0	6.9	1.17054193209677	0.970224066182555
1	0	6.9	0.7052243847470262	1.101474450188391
1	0	6.9	0.235558894554412	1.177059308776218

1	0	7	5.995374217444337	0.09212791618799032
1	0	7	5.958410741729558	0.0932966508813817
1	0	7	5.884711682419383	0.09569478324616537
1	0	7	5.774731418721884	0.09945053352878805
1	0	7	5.629148015534905	0.1047748615537683
1	0	7	5.448859042950488	0.1119881672449696
1	0	7	5.234976042436783	0.1215646492621408
1	0	7	4.988817673815271	0.1342054994147633
1	0	7	4.71190158528447	0.1509609096301374
1	0	7	4.405935056614114	0.1734345435861827
1	0	7	4.07280447319765	0.2041155253273415
1	0	7	3.714563695859004	0.2468467484103486
1	0	7	3.333421398117614	0.3072104184336648
1	0	7	2.93172744898173	0.3920107744431575
1	0	7	2.511958425224569	0.5065287873045561
1	0	7	2.076702342464958	0.6496840747808273
1	0	7	1.628642699190446	0.8106262201628646
1	0	7	1.17054193209677	0.9695887162264046
1	0	7	0.7052243847470262	1.100732858743116
1	0	7	0.235558894554412	1.176255225732206

1	0	7.100000000000001	5.995374217444337	0.09208601051744771
1	0	7.100000000000001	5.958410741729558	0.09325419141857293
1	0	7.100000000000001	5.884711682419383	0.09565118554949339
1	0	7.100000000000001	5.774731418721884	0.09940514804121274
1	0	7.100000000000001	5.629148015534905	0.1047269306301388
1	0	7.100000000000001	5.448859042950488	0.1119367669091143
1	0	7.100000000000001	5.234976042436783	0.1215086048172898
1	0	7.100000000000001	4.988817673815271	0.1341432560492914
1	0	7.100000000000001	4.71190158528447	0.15089032346559
1	0	7.100000000000001	4.405935056614114	0.1733525278139643
1	0	7.100000000000001	4.07280447319765	0.2040174304234918
1	0	7.100000000000001	3.714563695859004	0.246725285435443
1	0	7.100000000000001	3.333421398117614	0.3070539800902093
1	0	7.100000000000001	2.93172744898173	0.3918015934093081
1	0	7.100000000000001	2.511958425224569	0.50624285867843
1	0	7.100000000000001	2.076702342464958	0.6492955909236617
1	0	7.100000000000001	1.628642699190446	0.8101162493926826
1	0	7.100000000000001	1.17054193209677	0.9689539408242174
1	0	7.100000000000001	0.7052243847470262	1.099991954081877
1	0	7.100000000000001	0.235558894554412	1.175451896701643

1	0	7.2	5.995374217444337	0.0920441338291746
1	0	7.2	5.958410741729558	0.09321176132594818
1	0	7.2	5.884711682419383	0.09560761802077947
1	0	7.2	5.774731418721884	0.09935979397594306
1	0	7.2	5.629148015534905	0.1046790329175601
1	0	7.2	5.448859042950488	0.1118854022278793
1	0	7.2	5.234976042436783	0.1214525993084496
1	0	7.2	4.988817673815271	0.1340810560197672
1	0	7.2	4.71190158528447	0.1508197865982431
1	0	7.2	4.405935056614114	0.1732705695898981
1	0	7.2	4.07280447319765	0.2039194048689012
1	0	7.2	3.714563695859004	0.2466039094364846
1	0	7.2	3.333421398117614	0.3068976562680093
1	0	7.2	2.93172744898173	0.391592570973002
1	0	7.2	2.511958425224569	0.5059571572172816
1	0	7.2	2.076702342464958	0.6489074316069353
1	0	7.2	1.628642699190446	0.8096067240456121
1	0	7.2	1.17054193209677	0.968319739309916
1	0	7.2	0.7052243847470262	1.099251735391648
1	0	7.2	0.235558894554412	1.174649320782042

1	0	7.300000000000001	5.995374217444337	0.09200228609586107
1	0	7.300000000000001	5.958410741729558	0.09316936057583231
1	0	7.300000000000001	5.884711682419383	0.09556408063159361
1	0	7.300000000000001	5.774731418721884	0.09931447130336098
1	0	7.300000000000001	5.629148015534905	0.1046311683847213
1	0	7.300000000000001	5.448859042950488	0.1118340731676377
1	0	7.300000000000001	5.234976042436783	0.1213966326988807
1	0	7.300000000000001	4.988817673815271	0.1340188992852702
1	0	7.300000000000001	4.71190158528447	0.1507492989815048
1	0	7.300000000000001	4.405935056614114	0.1731886688595022
1	0	7.300000000000001	4.07280447319765	0.2038214485977215
1	0	7.300000000000001	3.714563695859004	0.2464826203303742
1	0	7.300000000000001	3.333421398117614	0.3067414468561745
1	0	7.300000000000001	2.93172744898173	0.3913837069766566
1	0	7.300000000000001	2.511958425224569	0.5056716826864235
1	0	7.300000000000001	2.076702342464958	0.6485195964801037
1	0	7.300000000000001	1.628642699190446	0.8090976436209508
1	0	7.300000000000001	1.17054193209677	0.9676861110183623
1	0	7.300000000000001	0.7052243847470262	1.098512201860574
1	0	7.300000000000001	0.235558894554412	1.173847497072249

1	0	7.4	5.995374217444337	0.09196046729023168
1	0	7.4	5.958410741729558	0.09312698914058208
1	0	7.4	5.884711682419383	0.09552057335353838
1	0	7.4	5.774731418721884	0.09926917999388439
1	0	7.4	5.629148015534905	0.1045833370003477
1	0	7.4	5.448859042950488	0.1117827796948036
1	0	7.4	5.234976042436783	0.1213407049518875
1	0	7.4	4.988817673815271	0.1339567858049316
1	0	7.4	4.71190158528447	0.1506788605688322
1	0	7.4	4.405935056614114	0.173106825568361
1	0	7.4	4.07280447319765	0.2037235615441822
1	0	7.4	3.714563695859004	0.246361418034115
1	0	7.4	3.333421398117614	0.3065853517439491
1	0	7.4	2.93172744898173	0.3911750012628894
1	0	7.4	2.511958425224569	0.505386434851456
1	0	7.4	2.076702342464958	0.6481320851930754
1	0	7.4	1.628642699190446	0.808589007618691
1	0	7.4	1.17054193209677	0.9670530552853576
1	0	7.4	0.7052243847470262	1.097773352677986
1	0	7.4	0.235558894554412	1.173046424672397

1	0	7.5	5.995374217444337	0.09191867738504299
1	0	7.5	5.958410741729558	0.09308464699258857
1	0	7.5	5.884711682419383	0.09547709615825217
1	0	7.5	5.774731418721884	0.09922392001796602
1	0	7.5	5.629148015534905	0.1045355387332031
1	0	7.5	5.448859042950488	0.1117315217758291
1	0	7.5	5.234976042436783	0.1212848160308187
1	0	7.5	4.988817673815271	0.1338947155379308
1	0	7.5	4.71190158528447	0.150608471313745
1	0	7.5	4.405935056614114	0.1730250396621232
1	0	7.5	4.07280447319765	0.2036257436425922
1	0	7.5	3.714563695859004	0.2462403024648067
1	0	7.5	3.333421398117614	0.3064293708207122
1	0	7.5	2.93172744898173	0.3909664536745078
1	0	7.5	2.511958425224569	0.5051014134782917
1	0	7.5	2.076702342464958	0.6477448973962315
1	0	7.5	1.628642699190446	0.8080808155395085
1	0	7.5	1.17054193209677	0.966420571447655
1	0	7.5	0.7052243847470262	1.097035187034365
1	0	7.5	0.235558894554412	1.172246102683966

1	0	7.600000000000001	5.995374217444337	0.09187691635308415
1	0	7.600000000000001	5.958410741729558	0.09304233410427493
1	0	7.600000000000001	5.884711682419383	0.09543364901740599
1	0	7.600000000000001	5.774731418721884	0.09917869134609472
1	0	7.600000000000001	5.629148015534905	0.1044877735520884
1	0	7.600000000000001	5.448859042950488	0.1116802993772093
1	0	7.600000000000001	5.234976042436783	0.1212289658990668
1	0	7.600000000000001	4.988817673815271	0.1338326884434945
1	0	7.600000000000001	4.71190158528447	0.1505381311698159
1	0	7.600000000000001	4.405935056614114	0.1729433110865027
1	0	7.600000000000001	4.07280447319765	0.2035279948273392
1	0	7.600000000000001	3.714563695859004	0.2461192735396505
1	0	7.600000000000001	3.333421398117614	0.3062735039759772
1	0	7.600000000000001	2.93172744898173	0.3907580640545184
1	0	7.600000000000001	2.511958425224569	0.5048166183331333
1	0	7.600000000000001	2.076702342464958	0.6473580327404131
1	0	7.600000000000001	1.628642699190446	0.8075730668847685
1	0	7.600000000000001	1.17054193209677	0.9657886588429326
1	0	7.600000000000001	0.7052243847470262	1.096297704121374
1	0	7.600000000000001	0.235558894554412	1.171446530209707

1	0	7.7	5.995374217444337	0.0918351841671773
1	0	7.7	5.958410741729558	0.09300005044809827
1	0	7.7	5.884711682419383	0.09539023190270533
1	0	7.7	5.774731418721884	0.09913349394879495
1	0	7.7	5.629148015534905	0.1044400414258417
1	0	7.7	5.448859042950488	0.1116291124654776
1	0	7.7	5.234976042436783	0.1211731545200679
1	0	7.7	4.988817673815271	0.1337707044809005
1	0	7.7	4.71190158528447	0.1504678400906721
1	0	7.7	4.405935056614114	0.17286163978728
1	0	7.7	4.07280447319765	0.2034303150328902
1	0	7.7	3.714563695859004	0.245998331175948
1	0	7.7	3.333421398117614	0.3061177510993907
1	0	7.7	2.93172744898173	0.3905498322461175
1	0	7.7	2.511958425224569	0.5045320491824892
1	0	7.7	2.076702342464958	0.6469714908769257
1	0	7.7	1.628642699190446	0.8070657611565212
1	0	7.7	1.17054193209677	0.9651573168098172
1	0	7.7	0.7052243847470262	1.095560903131841
1	0	7.7	0.235558894554412	1.170647706353706

1	0	7.800000000000001	5.995374217444337	0.09179348080017645
1	0	7.800000000000001	5.958410741729558	0.09295779599654831
1	0	7.800000000000001	5.884711682419383	0.09534684478589019
1	0	7.800000000000001	5.774731418721884	0.09908832779662562
1	0	7.800000000000001	5.629148015534905	0.1043923423233387
1	0	7.800000000000001	5.448859042950488	0.1115779610072081
1	0	7.800000000000001	5.234976042436783	0.1211173818573028
1	0	7.800000000000001	4.988817673815271	0.1337087636094734
1	0	7.800000000000001	4.71190158528447	0.1503975980299986
1	0	7.800000000000001	4.405935056614114	0.1727800257102987
1	0	7.800000000000001	4.07280447319765	0.2033327041937912
1	0	7.800000000000001	3.714563695859004	0.2458774752910995
1	0	7.800000000000001	3.333421398117614	0.305962112080736
1	0	7.800000000000001	2.93172744898173	0.3903417580926978
1	0	7.800000000000001	2.511958425224569	0.50424770579316
1	0	7.800000000000001	2.076702342464958	0.6465852714575413
1	0	7.800000000000001	1.628642699190446	0.8065588978575098
1	0	7.800000000000001	1.17054193209677	0.9645265446878682
1	0	7.800000000000001	0.7052243847470262	1.094824783259748
1	0	7.800000000000001	0.235558894554412	1.16984963022134

1	0	7.9	5.995374217444337	0.09175180622496898
1	0	7.9	5.958410741729558	0.09291557072214769
1	0	7.9	5.884711682419383	0.09530348763873317
1	0	7.9	5.774731418721884	0.09904319286018141
1	0	7.9	5.629148015534905	0.1043446762134925
1	0	7.9	5.448859042950488	0.1115268449690148
1	0	7.9	5.234976042436783	0.1210616478742951
1	0	7.9	4.988817673815271	0.1336468657885894
1	0	7.9	4.71190158528447	0.1503274049415346
1	0	7.9	4.405935056614114	0.1726984688014691
1	0	7.9	4.07280447319765	0.2032351622446661
1	0	7.9	3.714563695859004	0.2457567058026036
1	0	7.9	3.333421398117614	0.3058065868099241
1	0	7.9	2.93172744898173	0.3901338414378424
1	0	7.9	2.511958425224569	0.5039635879322431
1	0	7.9	2.076702342464958	0.6461993741344882
1	0	7.9	1.628642699190446	0.8060524764911513
1	0	7.9	1.17054193209677	0.9638963418175762
1	0	7.9	0.7052243847470262	1.09408934370026
1	0	7.9	0.235558894554412	1.169052300919304

1	0	8	5.995374217444337	0.09171016041447495
1	0	8	5.958410741729558	0.09287337459745178
1	0	8	5.884711682419383	0.0952601604330421
1	0	8	5.774731418721884	0.09899808911009218
1	0	8	5.629148015534905	0.1042970430652536
1	0	8	5.448859042950488	0.1114757643175519
1	0	8	5.234976042436783	0.1210059525346127
1	0	8	4.988817673815271	0.1335850109776711
1	0	8	4.71190158528447	0.150257260779076
1	0	8	4.405935056614114	0.1726169690067645
1	0	8	4.07280447319765	0.2031376891202162
1	0	8	3.714563695859004	0.2456360226280616
1	0	8	3.333421398117614	0.3056511751770065
1	0	8	2.93172744898173	0.3899260821253309
1	0	8	2.511958425224569	0.5036796953671389
1	0	8	2.076702342464958	0.6458137985604605
1	0	8	1.628642699190446	0.8055464965615537
1	0	8	1.17054193209677	0.9632667075403729
1	0	8	0.7052243847470262	1.09335458364968
1	0	8	0.235558894554412	1.168255717555573

1	0	8.1	5.995374217444337	0.09166854334164537
1	0	8.1	5.958410741729558	0.09283120759504937
1	0	8.1	5.884711682419383	0.09521686314065721
1	0	8.1	5.774731418721884	0.09895301651702298
1	0	8.1	5.629148015534905	0.1042494428476091
1	0	8.1	5.448859042950488	0.1114247190195138
1	0	8.1	5.234976042436783	0.1209502958018663
1	0	8.1	4.988817673815271	0.1335231991361894
1	0	8.1	4.71190158528447	0.1501871654964719
1	0	8.1	4.405935056614114	0.1725355262722248
1	0	8.1	4.07280447319765	0.2030402847552232
1	0	8.1	3.714563695859004	0.2455154256851694
1	0	8.1	3.333421398117614	0.3054958770721619
1	0	8.1	2.93172744898173	0.3897184799991336
1	0	8.1	2.511958425224569	0.5033960278655399
1	0	8.1	2.076702342464958	0.645428544388616
1	0	8.1	1.628642699190446	0.8050409575735089
1	0	8.1	1.17054193209677	0.9626376411986129
1	0	8.1	0.7052243847470262	1.092620502305477
1	0	8.1	0.235558894554412	1.167459879239435

1	0	8.200000000000001	5.995374217444337	0.09162695497946514
1	0	8.200000000000001	5.958410741729558	0.09278906968756151
1	0	8.200000000000001	5.884711682419383	0.09517359573345333
1	0	8.200000000000001	5.774731418721884	0.09890797505167372
1	0	8.200000000000001	5.629148015534905	0.1042018755295834
1	0	8.200000000000001	5.448859042950488	0.1113737090416336
1	0	8.200000000000001	5.234976042436783	0.1208946776397124
1	0	8.200000000000001	4.988817673815271	0.133461430223665
1	0	8.200000000000001	4.71190158528447	0.1501171190476298
1	0	8.200000000000001	4.405935056614114	0.1724541405439539
1	0	8.200000000000001	4.07280447319765	0.2029429490845468
1	0	8.200000000000001	3.714563695859004	0.2453949148917247
1	0	8.200000000000001	3.333421398117614	0.3053406923857051
1	0	8.200000000000001	2.93172744898173	0.3895110349034157
1	0	8.200000000000001	2.511958425224569	0.5031125851954334
1	0	8.200000000000001	2.076702342464958	0.6450436112725666
1	0	8.200000000000001	1.628642699190446	0.8045358590324801
1	0	8.200000000000001	1.17054193209677	0.9620091421355906
1	0	8.200000000000001	0.7052243847470262	1.091887098866287
1	0	8.200000000000001	0.235558894554412	1.16666478508147

1	0	8.300000000000001	5.995374217444337	0.09158539530095075
1	0	8.300000000000001	5.958410741729558	0.09274696084764276
1	0	8.300000000000001	5.884711682419383	0.0951303581833389
1	0	8.300000000000001	5.774731418721884	0.09886296468477998
1	0	8.300000000000001	5.629148015534905	0.1041543410802384
1	0	8.300000000000001	5.448859042950488	0.1113227343506863
1	0	8.300000000000001	5.234976042436783	0.120839098011848
1	0	8.300000000000001	4.988817673815271	0.1333997041996675
1	0	8.300000000000001	4.71190158528447	0.1500471213865093
1	0	8.300000000000001	4.405935056614114	0.1723728117681197
1	0	8.300000000000001	4.07280447319765	0.2028456820431229
1	0	8.300000000000001	3.714563695859004	0.2452744901656229
1	0	8.300000000000001	3.333421398117614	0.3051856210080857
1	0	8.300000000000001	2.93172744898173	0.3893037466825307
1	0	8.300000000000001	2.511958425224569	0.5028293671251095
1	0	8.300000000000001	2.076702342464958	0.6446589988663871
1	0	8.300000000000001	1.628642699190446	0.8040312004446203
1	0	8.300000000000001	1.17054193209677	0.961381209695521
1	0	8.300000000000001	0.7052243847470262	1.091154372531883
1	0	8.300000000000001	0.235558894554412	1.165870434193554

1	0	8.4	5.995374217444337	0.09154386427915059
1	0	8.4	5.958410741729558	0.09270488104797917
1	0	8.4	5.884711682419383	0.09508715046225499
1	0	8.4	5.774731418721884	0.09881798538711213
1	0	8.4	5.629148015534905	0.1041068394686724
1	0	8.4	5.448859042950488	0.1112717949134842
1	0	8.4	5.234976042436783	0.1207835568820157
1	0	8.4	4.988817673815271	0.1333380210238139
1	0	8.4	4.71190158528447	0.1499771724671266
1	0	8.4	4.405935056614114	0.1722915398909561
1	0	8.4	4.07280447319765	0.2027484835659672
1	0	8.4	3.714563695859004	0.2451541514248605
1	0	8.4	3.333421398117614	0.3050306628298805
1	0	8.4	2.93172744898173	0.3890966151810278
1	0	8.4	2.511958425224569	0.502546373423143
1	0	8.4	2.076702342464958	0.6442747068246094
1	0	8.4	1.628642699190446	0.8035269813167615
1	0	8.4	1.17054193209677	0.9607538432235412
1	0	8.4	0.7052243847470262	1.090422322503202
1	0	8.4	0.235558894554412	1.165076825688849

1	0	8.5	5.995374217444337	0.09150236188714693
1	0	8.5	5.958410741729558	0.09266283026129082
1	0	8.5	5.884711682419383	0.09504397254217821
1	0	8.5	5.774731418721884	0.0987730371294747
1	0	8.5	5.629148015534905	0.1040593706640215
1	0	8.5	5.448859042950488	0.1112208906968815
1	0	8.5	5.234976042436783	0.1207280542140006
1	0	8.5	4.988817673815271	0.1332763806557686
1	0	8.5	4.71190158528447	0.1499072722435534
1	0	8.5	4.405935056614114	0.172210324858759
1	0	8.5	4.07280447319765	0.2026513535881729
1	0	8.5	3.714563695859004	0.2450338985875282
1	0	8.5	3.333421398117614	0.3048758177418019
1	0	8.5	2.93172744898173	0.3888896402436448
1	0	8.5	2.511958425224569	0.5022636038584152
1	0	8.5	2.076702342464958	0.643890734802223
1	0	8.5	1.628642699190446	0.8030232011564088
1	0	8.5	1.17054193209677	0.9601270420657323
1	0	8.5	0.7052243847470262	1.089690947982331
1	0	8.5	0.235558894554412	1.164283958681812

1	0	8.6	5.995374217444337	0.09146088809805256
1	0	8.6	5.958410741729558	0.09262080846032943
1	0	8.6	5.884711682419383	0.0950008243951167
1	0	8.6	5.774731418721884	0.09872811988270809
1	0	8.6	5.629148015534905	0.104011934635458
1	0	8.6	5.448859042950488	0.1111700216677711
1	0	8.6	5.234976042436783	0.1206725899716314
1	0	8.6	4.988817673815271	0.133214783055247
1	0	8.6	4.71190158528447	0.1498374206699156
1	0	8.6	4.405935056614114	0.1721291666178905
1	0	8.6	4.07280447319765	0.2025542920449109
1	0	8.6	3.714563695859004	0.2449137315718189
1	0	8.6	3.333421398117614	0.3047210856346952
1	0	8.6	2.93172744898173	0.3886828217153143
1	0	8.6	2.511958425224569	0.5019810582000928
1	0	8.6	2.076702342464958	0.6435070824546759
1	0	8.6	1.628642699190446	0.8025198594717419
1	0	8.6	1.17054193209677	0.9595008055690802
1	0	8.6	0.7052243847470262	1.0889602481725
1	0	8.6	0.235558894554412	1.163491832288186

1	0	8.700000000000001	5.995374217444337	0.09141944288501282
1	0	8.700000000000001	5.958410741729558	0.09257881561787945
1	0	8.700000000000001	5.884711682419383	0.094957705993113
1	0	8.700000000000001	5.774731418721884	0.09868323361768767
1	0	8.700000000000001	5.629148015534905	0.1039645313521913
1	0	8.700000000000001	5.448859042950488	0.1111191877930849
1	0	8.700000000000001	5.234976042436783	0.1206171641187799
1	0	8.700000000000001	4.988817673815271	0.1331532281820105
1	0	8.700000000000001	4.71190158528447	0.1497676177003939
1	0	8.700000000000001	4.405935056614114	0.1720480651147764
1	0	8.700000000000001	4.07280447319765	0.2024572988714285
1	0	8.700000000000001	3.714563695859004	0.244793650296022
1	0	8.700000000000001	3.333421398117614	0.3045664663995373
1	0	8.700000000000001	2.93172744898173	0.3884761594411565
1	0	8.700000000000001	2.511958425224569	0.5016987362176394
1	0	8.700000000000001	2.076702342464958	0.6431237494378734
1	0	8.700000000000001	1.628642699190446	0.8020169557716252
1	0	8.700000000000001	1.17054193209677	0.9588751330815003
1	0	8.700000000000001	0.7052243847470262	1.088230222278088
1	0	8.700000000000001	0.235558894554412	1.162700445624998

1	0	8.800000000000001	5.995374217444337	0.09137802622120562
1	0	8.800000000000001	5.958410741729558	0.09253685170675907
1	0	8.800000000000001	5.884711682419383	0.09491461730824338
1	0	8.800000000000001	5.774731418721884	0.09863837830532277
1	0	8.800000000000001	5.629148015534905	0.1039171607834675
1	0	8.800000000000001	5.448859042950488	0.111068389039795
1	0	8.800000000000001	5.234976042436783	0.1205617766193613
1	0	8.800000000000001	4.988817673815271	0.1330917159958687
1	0	8.800000000000001	4.71190158528447	0.1496978632892248
1	0	8.800000000000001	4.405935056614114	0.1719670202959063
1	0	8.800000000000001	4.07280447319765	0.2023603740030533
1	0	8.800000000000001	3.714563695859004	0.2446736546785249
1	0	8.800000000000001	3.333421398117614	0.3044119599274363
1	0	8.800000000000001	2.93172744898173	0.388269653266486
1	0	8.800000000000001	2.511958425224569	0.5014166376808128
1	0	8.800000000000001	2.076702342464958	0.6427407354081764
1	0	8.800000000000001	1.628642699190446	0.801514489565591
1	0	8.800000000000001	1.17054193209677	0.9582500239518321
1	0	8.800000000000001	0.7052243847470262	1.087500869504618
1	0	8.800000000000001	0.235558894554412	1.161909797810555

1	0	8.9	5.995374217444337	0.09133663807984062
1	0	8.9	5.958410741729558	0.09249491669981696
1	0	8.9	5.884711682419383	0.09487155831261618
1	0	8.9	5.774731418721884	0.09859355391655804
1	0	8.9	5.629148015534905	0.1038698228985699
1	0	8.9	5.448859042950488	0.1110176253749133
1	0	8.9	5.234976042436783	0.1205064274373338
1	0	8.9	4.988817673815271	0.1330302464566802
1	0	8.9	4.71190158528447	0.149628157390698
1	0	8.9	4.405935056614114	0.1718860321078346
1	0	8.9	4.07280447319765	0.2022635173751876
1	0	8.9	3.714563695859004	0.2445537446378137
1	0	8.9	3.333421398117614	0.3042575661096323
1	0	8.9	2.93172744898173	0.3880633030368039
1	0	8.9	2.511958425224569	0.5011347623596608
1	0	8.9	2.076702342464958	0.6423580400224
1	0	8.9	1.628642699190446	0.8010124603638434
1	0	8.9	1.17054193209677	0.9576254775298315
1	0	8.9	0.7052243847470262	1.086772189058761
1	0	8.9	0.235558894554412	1.161119887964459

1	0	9	5.995374217444337	0.09129527843415933
1	0	9	5.958410741729558	0.09245301056993574
1	0	9	5.884711682419383	0.0948285289783744
1	0	9	5.774731418721884	0.09854876042237308
1	0	9	5.629148015534905	0.103822517666818
1	0	9	5.448859042950488	0.1109668967654907
1	0	9	5.234976042436783	0.1204511165366986
1	0	9	4.988817673815271	0.1329688195243516
1	0	9	4.71190158528447	0.1495584999591592
1	0	9	4.405935056614114	0.171805100497179
1	0	9	4.07280447319765	0.2021667289233127
1	0	9	3.714563695859004	0.2444339200924717
1	0	9	3.333421398117614	0.3041032848374968
1	0	9	2.93172744898173	0.3878571085978054
1	0	9	2.511958425224569	0.5008531100245305
1	0	9	2.076702342464958	0.6419756629378111
1	0	9	1.628642699190446	0.8005108676772649
1	0	9	1.17054193209677	0.9570014931661669
1	0	9	0.7052243847470262	1.086044180148321
1	0	9	0.235558894554412	1.160330715207563

1	0	9.1	5.995374217444337	0.09125394725743548
1	0	9.1	5.958410741729558	0.09241113329002956
1	0	9.1	5.884711682419383	0.09478552927769437
1	0	9.1	5.774731418721884	0.09850399779378166
1	0	9.1	5.629148015534905	0.1037752450575677
1	0	9.1	5.448859042950488	0.1109162031786173
1	0	9.1	5.234976042436783	0.1203958438815006
1	0	9.1	4.988817673815271	0.1329074351588363
1	0	9.1	4.71190158528447	0.1494888909490078
1	0	9.1	4.405935056614114	0.1717242254106207
1	0	9.1	4.07280447319765	0.2020700085829863
1	0	9.1	3.714563695859004	0.2443141809611803
1	0	9.1	3.333421398117614	0.3039491160025324
1	0	9.1	2.93172744898173	0.3876510697953733
1	0	9.1	2.511958425224569	0.5005716804460549
1	0	9.1	2.076702342464958	0.6415936038121333
1	0	9.1	1.628642699190446	0.8000097110174101
1	0	9.1	1.17054193209677	0.9563780702124306
1	0	9.1	0.7052243847470262	1.085316841982249
1	0	9.1	0.235558894554412	1.159542278662025

1	0	9.200000000000001	5.995374217444337	0.09121264452297416
1	0	9.200000000000001	5.958410741729558	0.09236928483304549
1	0	9.200000000000001	5.884711682419383	0.0947425591827841
1	0	9.200000000000001	5.774731418721884	0.09845926600183241
1	0	9.200000000000001	5.629148015534905	0.1037280050402126
1	0	9.200000000000001	5.448859042950488	0.1108655445814229
1	0	9.200000000000001	5.234976042436783	0.1203406094358263
1	0	9.200000000000001	4.988817673815271	0.1328460933201368
1	0	9.200000000000001	4.71190158528447	0.1494193303146986
1	0	9.200000000000001	4.405935056614114	0.1716434067949051
1	0	9.200000000000001	4.07280447319765	0.2019733562898436
1	0	9.200000000000001	3.714563695859004	0.2441945271627174
1	0	9.200000000000001	3.333421398117614	0.303795059496372
1	0	9.200000000000001	2.93172744898173	0.3874451864755805
1	0	9.200000000000001	2.511958425224569	0.5002904733951596
1	0	9.200000000000001	2.076702342464958	0.6412118623035464
1	0	9.200000000000001	1.628642699190446	0.7995089898964927
1	0	9.200000000000001	1.17054193209677	0.9557552080211277
1	0	9.200000000000001	0.7052243847470262	1.084590173770621
1	0	9.200000000000001	0.235558894554412	1.158754577451264

1	0	9.300000000000001	5.995374217444337	0.09117137020411419
1	0	9.300000000000001	5.958410741729558	0.09232746517196312
1	0	9.300000000000001	5.884711682419383	0.09469961866588666
1	0	9.300000000000001	5.774731418721884	0.09841456501760794
1	0	9.300000000000001	5.629148015534905	0.1036807975841818
1	0	9.300000000000001	5.448859042950488	0.1108149209410761
1	0	9.300000000000001	5.234976042436783	0.1202854131638061
1	0	9.300000000000001	4.988817673815271	0.1327847939683023
1	0	9.300000000000001	4.71190158528447	0.1493498180107394
1	0	9.300000000000001	4.405935056614114	0.1715626445968411
1	0	9.300000000000001	4.07280447319765	0.201876771979596
1	0	9.300000000000001	3.714563695859004	0.2440749586159605
1	0	9.300000000000001	3.333421398117614	0.3036411152107835
1	0	9.300000000000001	2.93172744898173	0.3872394584846915
1	0	9.300000000000001	2.511958425224569	0.5000094886430611
1	0	9.300000000000001	2.076702342464958	0.6408304380706747
1	0	9.300000000000001	1.628642699190446	0.7990087038274127
1	0	9.300000000000001	1.17054193209677	0.9551329059456702
1	0	9.300000000000001	0.7052243847470262	1.083864174724663
1	0	9.300000000000001	0.235558894554412	1.157967610699962

1	0	9.4	5.995374217444337	0.09113012427422347
1	0	9.4	5.958410741729558	0.09228567427979278
1	0	9.4	5.884711682419383	0.09465670769927675
1	0	9.4	5.774731418721884	0.09836989481222647
1	0	9.4	5.629148015534905	0.1036336226589412
1	0	9.4	5.448859042950488	0.1107643322247854
1	0	9.4	5.234976042436783	0.1202302550296133
1	0	9.4	4.988817673815271	0.1327235370634302
1	0	9.4	4.71190158528447	0.1492803539916948
1	0	9.4	4.405935056614114	0.1714819387633018
1	0	9.4	4.07280447319765	0.2017802555880343
1	0	9.4	3.714563695859004	0.2439554752398828
1	0	9.4	3.333421398117614	0.3034872830376588
1	0	9.4	2.93172744898173	0.3870338856691558
1	0	9.4	2.511958425224569	0.4997287259612726
1	0	9.4	2.076702342464958	0.6404493307726016
1	0	9.4	1.628642699190446	0.7985088523237215
1	0	9.4	1.17054193209677	0.9545111633403893
1	0	9.4	0.7052243847470262	1.083138844056715
1	0	9.4	0.235558894554412	1.157181377534091

1	0	9.5	5.995374217444337	0.09108890670670344
1	0	9.5	5.958410741729558	0.09224391212957916
1	0	9.5	5.884711682419383	0.0946138262552635
1	0	9.5	5.774731418721884	0.09832525535684035
1	0	9.5	5.629148015534905	0.1035864802339934
1	0	9.5	5.448859042950488	0.1107137783997973
1	0	9.5	5.234976042436783	0.1201751349974632
1	0	9.5	4.988817673815271	0.132662322565666
1	0	9.5	4.71190158528447	0.1492109382121795
1	0	9.5	4.405935056614114	0.171401289241223
1	0	9.5	4.07280447319765	0.2016838070510218
1	0	9.5	3.714563695859004	0.2438360769535538
1	0	9.5	3.333421398117614	0.303333562869027
1	0	9.5	2.93172744898173	0.3868284678756152
1	0	9.5	2.511958425224569	0.4994481851215876
1	0	9.5	2.076702342464958	0.6400685400688551
1	0	9.5	1.628642699190446	0.7980094348996507
1	0	9.5	1.17054193209677	0.9538899795605241
1	0	9.5	0.7052243847470262	1.082414180980265
1	0	9.5	0.235558894554412	1.156395877080874

1	0	9.600000000000001	5.995374217444337	0.09104771747498672
1	0	9.600000000000001	5.958410741729558	0.09220217869439723
1	0	9.600000000000001	5.884711682419383	0.09457097430618724
1	0	9.600000000000001	5.774731418721884	0.09828064662263562
1	0	9.600000000000001	5.629148015534905	0.1035393702788774
1	0	9.600000000000001	5.448859042950488	0.1106632594333989
1	0	9.600000000000001	5.234976042436783	0.1201200530316147
1	0	9.600000000000001	4.988817673815271	0.132601150435202
1	0	9.600000000000001	4.71190158528447	0.1491415706268672
1	0	9.600000000000001	4.405935056614114	0.1713206959776044
1	0	9.600000000000001	4.07280447319765	0.2015874263045023
1	0	9.600000000000001	3.714563695859004	0.2437167636761416
1	0	9.600000000000001	3.333421398117614	0.3031799545970429
1	0	9.600000000000001	2.93172744898173	0.3866232049508981
1	0	9.600000000000001	2.511958425224569	0.4991678658960995
1	0	9.600000000000001	2.076702342464958	0.6396880656194158
1	0	9.600000000000001	1.628642699190446	0.7975104510700823
1	0	9.600000000000001	1.17054193209677	0.953269353962222
1	0	9.600000000000001	0.7052243847470262	1.081690184709925
1	0	9.600000000000001	0.235558894554412	1.155611108468803

1	0	9.700000000000001	5.995374217444337	0.09100655655253778
1	0	9.700000000000001	5.958410741729558	0.09216047394735541
1	0	9.700000000000001	5.884711682419383	0.09452815182442327
1	0	9.700000000000001	5.774731418721884	0.09823606858083304
1	0	9.700000000000001	5.629148015534905	0.103492292763168
1	0	9.700000000000001	5.448859042950488	0.1106127752929147
1	0	9.700000000000001	5.234976042436783	0.1200650090963683
1	0	9.700000000000001	4.988817673815271	0.1325400206322785
1	0	9.700000000000001	4.71190158528447	0.1490722511904824
1	0	9.700000000000001	4.405935056614114	0.1712401589195076
1	0	9.700000000000001	4.07280447319765	0.2014911132844946
1	0	9.700000000000001	3.714563695859004	0.2435975353269101
1	0	9.700000000000001	3.333421398117614	0.3030264581139935
1	0	9.700000000000001	2.93172744898173	0.3864180967420225
1	0	9.700000000000001	2.511958425224569	0.4988877680571823
1	0	9.700000000000001	2.076702342464958	0.6393079070847165
1	0	9.700000000000001	1.628642699190446	0.7970119003505816
1	0	9.700000000000001	1.17054193209677	0.9526492859025343
1	0	9.700000000000001	0.7052243847470262	1.080966854461432
1	0	9.700000000000001	0.235558894554412	1.154827070827644

1	0	9.800000000000001	5.995374217444337	0.09096542391285285
1	0	9.800000000000001	5.958410741729558	0.09211879786159334
1	0	9.800000000000001	5.884711682419383	0.094485358782379
1	0	9.800000000000001	5.774731418721884	0.09819152120268784
1	0	9.800000000000001	5.629148015534905	0.1034452476564764
1	0	9.800000000000001	5.448859042950488	0.1105623259457095
1	0	9.800000000000001	5.234976042436783	0.1200100031560685
1	0	9.800000000000001	4.988817673815271	0.1324789331171825
1	0	9.800000000000001	4.71190158528447	0.1490029798578044
1	0	9.800000000000001	4.405935056614114	0.1711596780140589
1	0	9.800000000000001	4.07280447319765	0.2013948679270932
1	0	9.800000000000001	3.714563695859004	0.2434783918252201
1	0	9.800000000000001	3.333421398117614	0.302873073312296
1	0	9.800000000000001	2.93172744898173	0.3862131430961948
1	0	9.800000000000001	2.511958425224569	0.4986078913775058
1	0	9.800000000000001	2.076702342464958	0.6389280641256342
1	0	9.800000000000001	1.628642699190446	0.7965137822573646
1	0	9.800000000000001	1.17054193209677	0.9520297747394181
1	0	9.800000000000001	0.7052243847470262	1.080244189451652
1	0	9.800000000000001	0.235558894554412	1.154043763288415

1	0	9.9	5.995374217444337	0.09092431952945924
1	0	9.9	5.958410741729558	0.092077150410283
1	0	9.9	5.884711682419383	0.09444259515249416
1	0	9.9	5.774731418721884	0.09814700445949023
1	0	9.9	5.629148015534905	0.1033982349284502
1	0	9.9	5.448859042950488	0.1105119113591861
1	0	9.9	5.234976042436783	0.1199550351751009
1	0	9.9	4.988817673815271	0.1324178878502495
1	0	9.9	4.71190158528447	0.1489337565836676
1	0	9.9	4.405935056614114	0.171079253208448
1	0	9.9	4.07280447319765	0.2012986901684702
1	0	9.9	3.714563695859004	0.2433593330905296
1	0	9.9	3.333421398117614	0.3027198000844952
1	0	9.9	2.93172744898173	0.386008343860806
1	0	9.9	2.511958425224569	0.498328235630026
1	0	9.9	2.076702342464958	0.6385485364034975
1	0	9.9	1.628642699190446	0.7960160963073155
1	0	9.9	1.17054193209677	0.9514108198317414
1	0	9.9	0.7052243847470262	1.07952218889857
1	0	9.9	0.235558894554412	1.153261184983386

1	0	10	5.995374217444337	0.09088324337591666
1	0	10	5.958410741729558	0.0920355315666281
1	0	10	5.884711682419383	0.09439986090724219
1	0	10	5.774731418721884	0.09810251832256313
1	0	10	5.629148015534905	0.1033512545487735
1	0	10	5.448859042950488	0.1104615315007873
1	0	10	5.234976042436783	0.119900105117894
1	0	10	4.988817673815271	0.132356884791861
1	0	10	4.71190158528447	0.1488645813229583
1	0	10	4.405935056614114	0.1709988844499252
1	0	10	4.07280447319765	0.2012025799448738
1	0	10	3.714563695859004	0.2432403590423918
1	0	10	3.333421398117614	0.3025666383232689
1	0	10	2.93172744898173	0.3858036988834406
1	0	10	2.511958425224569	0.4980488005879875
1	0	10	2.076702342464958	0.6381693235800742
1	0	10	1.628642699190446	0.795518842017978
1	0	10	1.17054193209677	0.9507924205392668
1	0	10	0.7052243847470262	1.078800852021297
1	0	10	0.235558894554412	1.152479335046096

