5.995374217444337
5.958410741729558
5.884711682419383
5.774731418721884
5.629148015534905
5.448859042950488
5.234976042436783
4.988817673815271
4.71190158528447
4.405935056614114
4.07280447319765
3.714563695859004
3.333421398117614
2.93172744898173
2.511958425224569
2.076702342464958
1.628642699190446
1.17054193209677
0.7052243847470262
0.235558894554412
-0.23555889455441
-0.7052243847470254
-1.170541932096769
-1.628642699190446
-2.076702342464956
-2.511958425224567
-2.93172744898173
-3.333421398117614
-3.714563695859002
-4.07280447319765
-4.405935056614114
-4.711901585284471
-4.98881767381527
-5.234976042436782
-5.448859042950488
-5.629148015534905
-5.774731418721883
-5.884711682419383
-5.958410741729558
-5.995374217444337
