1	0	0	-0.016
1	0	0.1	-0.0154
1	0	0.2	-0.0148
1	0	0.3	-0.0142
1	0	0.4	-0.0136
1	0	0.5	-0.013
1	0	0.6000000000000001	-0.0124
1	0	0.7000000000000001	-0.0118
1	0	0.8	-0.0112
1	0	0.9	-0.0106
1	0	1	-0.01
1	0	1.1	-0.009399999999999999
1	0	1.2	-0.008799999999999999
1	0	1.3	-0.008199999999999999
1	0	1.4	-0.007599999999999999
1	0	1.5	-0.007000000000000001
1	0	1.6	-0.006399999999999999
1	0	1.7	-0.0058
1	0	1.8	-0.0052
1	0	1.9	-0.0046
1	0	2	-0.004
1	0	2.1	-0.0034
1	0	2.2	-0.002799999999999999
1	0	2.3	-0.002199999999999999
1	0	2.4	-0.001599999999999997
1	0	2.5	-0.001000000000000001
1	0	2.6	-0.0003999999999999993
1	0	2.7	0.0002000000000000023
1	0	2.8	0.0008000000000000021
1	0	2.9	0.001400000000000002
1	0	3	0.001999999999999998
1	0	3.1	0.002600000000000002
1	0	3.2	0.003200000000000001
1	0	3.3	0.003800000000000001
1	0	3.4	0.004400000000000001
1	0	3.5	0.005000000000000001
1	0	3.6	0.005600000000000001
1	0	3.7	0.006200000000000001
1	0	3.8	0.0068
1	0	3.9	0.007400000000000004
1	0	4	0.008
1	0	4.100000000000001	0.0086
1	0	4.2	0.0092
1	0	4.3	0.009800000000000003
1	0	4.4	0.0104
1	0	4.5	0.011
1	0	4.600000000000001	0.0116
1	0	4.7	0.0122
1	0	4.800000000000001	0.01280000000000001
1	0	4.9	0.0134
1	0	5	0.014
1	0	5.100000000000001	0.0146
1	0	5.2	0.0152
1	0	5.300000000000001	0.0158
1	0	5.4	0.0164
1	0	5.5	0.017
1	0	5.600000000000001	0.0176
1	0	5.7	0.0182
1	0	5.800000000000001	0.0188
1	0	5.9	0.0194
1	0	6	0.02
1	0	6.100000000000001	0.0206
1	0	6.2	0.0212
1	0	6.300000000000001	0.0218
1	0	6.4	0.0224
1	0	6.5	0.02300000000000001
1	0	6.600000000000001	0.0236
1	0	6.7	0.02420000000000001
1	0	6.800000000000001	0.0248
1	0	6.9	0.02540000000000001
1	0	7	0.026
1	0	7.100000000000001	0.0266
1	0	7.2	0.0272
1	0	7.300000000000001	0.02780000000000001
1	0	7.4	0.0284
1	0	7.5	0.029
1	0	7.600000000000001	0.0296
1	0	7.7	0.0302
1	0	7.800000000000001	0.03080000000000001
1	0	7.9	0.0314
1	0	8	0.032
1	0	8.1	0.0326
1	0	8.200000000000001	0.0332
1	0	8.300000000000001	0.0338
1	0	8.4	0.0344
1	0	8.5	0.035
1	0	8.6	0.03560000000000001
1	0	8.700000000000001	0.0362
1	0	8.800000000000001	0.03680000000000001
1	0	8.9	0.0374
1	0	9	0.03800000000000001
1	0	9.1	0.03860000000000001
1	0	9.200000000000001	0.03920000000000001
1	0	9.300000000000001	0.03980000000000001
1	0	9.4	0.04040000000000001
1	0	9.5	0.04100000000000001
1	0	9.600000000000001	0.04160000000000001
1	0	9.700000000000001	0.0422
1	0	9.800000000000001	0.0428
1	0	9.9	0.0434
1	0	10	0.044
