1	0	0	0.0005999999999999998
1	0	0.1	0.0005999999999999981
1	0	0.2	0.0005999999999999998
1	0	0.3	0.0006000000000000002
1	0	0.4	0.0005999999999999991
1	0	0.5	0.0006000000000000006
1	0	0.6000000000000001	0.0006000000000000008
1	0	0.7000000000000001	0.0005999999999999999
1	0	0.8	0.0006000000000000003
1	0	0.9	0.0005999999999999993
1	0	1	0.0006000000000000007
1	0	1.1	0.000600000000000001
1	0	1.2	0.0006000000000000002
1	0	1.3	0.0005999999999999999
1	0	1.4	0.0005999999999999984
1	0	1.5	0.0005999999999999998
1	0	1.6	0.0006000000000000012
1	0	1.7	0.0005999999999999998
1	0	1.8	0.0005999999999999995
1	0	1.9	0.0005999999999999998
1	0	2	0.0005999999999999999
1	0	2.1	0.0006000000000000008
1	0	2.2	0.0006000000000000007
1	0	2.3	0.000600000000000001
1	0	2.4	0.0005999999999999986
1	0	2.5	0.0005999999999999985
1	0	2.6	0.0006000000000000021
1	0	2.7	0.0006000000000000007
1	0	2.8	0.0005999999999999999
1	0	2.9	0.0005999999999999976
1	0	3	0.0005999999999999998
1	0	3.1	0.0006000000000000021
1	0	3.2	0.0005999999999999995
1	0	3.3	0.0005999999999999998
1	0	3.4	0.0005999999999999998
1	0	3.5	0.0005999999999999995
1	0	3.6	0.0005999999999999998
1	0	3.7	0.0005999999999999998
1	0	3.8	0.0006000000000000021
1	0	3.9	0.0005999999999999995
1	0	4	0.0005999999999999976
1	0	4.100000000000001	0.0005999999999999998
1	0	4.2	0.0006000000000000019
1	0	4.3	0.0006000000000000016
1	0	4.4	0.0005999999999999995
1	0	4.5	0.0005999999999999998
1	0	4.600000000000001	0.0005999999999999998
1	0	4.7	0.000600000000000003
1	0	4.800000000000001	0.0005999999999999976
1	0	4.9	0.0005999999999999952
1	0	5	0.0006000000000000024
1	0	5.100000000000001	0.0006000000000000016
1	0	5.2	0.0005999999999999993
1	0	5.300000000000001	0.0006000000000000021
1	0	5.4	0.0005999999999999998
1	0	5.5	0.0006000000000000004
1	0	5.600000000000001	0.0005999999999999993
1	0	5.7	0.0005999999999999998
1	0	5.800000000000001	0.0006000000000000004
1	0	5.9	0.0005999999999999946
1	0	6	0.0006000000000000004
1	0	6.100000000000001	0.0006000000000000045
1	0	6.2	0.0005999999999999986
1	0	6.300000000000001	0.0005999999999999998
1	0	6.4	0.0006000000000000039
1	0	6.5	0.0005999999999999981
1	0	6.600000000000001	0.0005999999999999998
1	0	6.7	0.000600000000000001
1	0	6.800000000000001	0.0006000000000000004
1	0	6.9	0.0005999999999999998
1	0	7	0.0005999999999999941
1	0	7.100000000000001	0.0005999999999999998
1	0	7.2	0.0006000000000000039
1	0	7.300000000000001	0.0006000000000000004
1	0	7.4	0.0005999999999999998
1	0	7.5	0.0005999999999999986
1	0	7.600000000000001	0.0005999999999999998
1	0	7.7	0.0006000000000000039
1	0	7.800000000000001	0.000600000000000001
1	0	7.9	0.0005999999999999952
1	0	8	0.0005999999999999993
1	0	8.1	0.0006000000000000004
1	0	8.200000000000001	0.0005999999999999998
1	0	8.300000000000001	0.000600000000000001
1	0	8.4	0.0005999999999999998
1	0	8.5	0.0006000000000000039
1	0	8.6	0.0005999999999999981
1	0	8.700000000000001	0.0005999999999999998
1	0	8.800000000000001	0.000600000000000001
1	0	8.9	0.0005999999999999998
1	0	9	0.0006000000000000039
1	0	9.1	0.0005999999999999981
1	0	9.200000000000001	0.0006000000000000021
1	0	9.300000000000001	0.000600000000000001
1	0	9.4	0.0005999999999999998
1	0	9.5	0.0006000000000000045
1	0	9.600000000000001	0.0005999999999999946
1	0	9.700000000000001	0.0005999999999999934
1	0	9.800000000000001	0.0006000000000000021
1	0	9.9	0.000600000000000002
1	0	10	0.000599999999999979
