1	0	0	1.387778780781446e-17
1	0	0.1	8.673617379884035e-19
1	0	0.2	6.938893903907228e-18
1	0	0.3	0
1	0	0.4	6.938893903907228e-18
1	0	0.5	-6.938893903907228e-18
1	0	0.6000000000000001	0
1	0	0.7000000000000001	0
1	0	0.8	3.469446951953614e-18
1	0	0.9	0
1	0	1	3.469446951953614e-18
1	0	1.1	-6.938893903907228e-18
1	0	1.2	3.469446951953614e-18
1	0	1.3	-3.469446951953614e-18
1	0	1.4	-3.469446951953614e-18
1	0	1.5	3.469446951953614e-18
1	0	1.6	0
1	0	1.7	0
1	0	1.8	1.734723475976807e-18
1	0	1.9	-1.734723475976807e-18
1	0	2	0
1	0	2.1	1.734723475976807e-18
1	0	2.2	-2.602085213965211e-18
1	0	2.3	2.602085213965211e-18
1	0	2.4	-6.938893903907228e-18
1	0	2.5	6.505213034913027e-18
1	0	2.6	-2.168404344971009e-19
1	0	2.7	-2.059984127722458e-18
1	0	2.8	4.336808689942018e-19
1	0	2.9	-5.204170427930421e-18
1	0	3	9.540979117872439e-18
1	0	3.1	-4.336808689942018e-18
1	0	3.2	0
1	0	3.3	0
1	0	3.4	0
1	0	3.5	0
1	0	3.6	-1.734723475976807e-18
1	0	3.7	-1.734723475976807e-18
1	0	3.8	3.469446951953614e-18
1	0	3.9	-6.938893903907228e-18
1	0	4	3.469446951953614e-18
1	0	4.100000000000001	3.469446951953614e-18
1	0	4.2	3.469446951953614e-18
1	0	4.3	-3.469446951953614e-18
1	0	4.4	0
1	0	4.5	0
1	0	4.600000000000001	3.469446951953614e-18
1	0	4.7	3.469446951953614e-18
1	0	4.800000000000001	-1.387778780781446e-17
1	0	4.9	1.387778780781446e-17
1	0	5	6.938893903907228e-18
1	0	5.100000000000001	-6.938893903907228e-18
1	0	5.2	-6.938893903907228e-18
1	0	5.300000000000001	0
1	0	5.4	-6.938893903907228e-18
1	0	5.5	6.938893903907228e-18
1	0	5.600000000000001	-2.081668171172169e-17
1	0	5.7	1.387778780781446e-17
1	0	5.800000000000001	-6.938893903907228e-18
1	0	5.9	6.938893903907228e-18
1	0	6	6.938893903907228e-18
1	0	6.100000000000001	-6.938893903907228e-18
1	0	6.2	-6.938893903907228e-18
1	0	6.300000000000001	0
1	0	6.4	6.938893903907228e-18
1	0	6.5	0
1	0	6.600000000000001	6.938893903907228e-18
1	0	6.7	-6.938893903907228e-18
1	0	6.800000000000001	1.387778780781446e-17
1	0	6.9	0
1	0	7	1.387778780781446e-17
1	0	7.100000000000001	0
1	0	7.2	0
1	0	7.300000000000001	-1.387778780781446e-17
1	0	7.4	1.387778780781446e-17
1	0	7.5	0
1	0	7.600000000000001	0
1	0	7.7	0
1	0	7.800000000000001	0
1	0	7.9	0
1	0	8	0
1	0	8.1	-1.387778780781446e-17
1	0	8.200000000000001	1.387778780781446e-17
1	0	8.300000000000001	0
1	0	8.4	1.387778780781446e-17
1	0	8.5	0
1	0	8.6	-1.387778780781446e-17
1	0	8.700000000000001	0
1	0	8.800000000000001	0
1	0	8.9	1.387778780781446e-17
1	0	9	1.387778780781446e-17
1	0	9.1	-1.387778780781446e-17
1	0	9.200000000000001	0
1	0	9.300000000000001	1.387778780781446e-17
1	0	9.4	1.387778780781446e-17
1	0	9.5	0
1	0	9.600000000000001	-1.387778780781446e-17
1	0	9.700000000000001	-1.387778780781446e-17
1	0	9.800000000000001	0
1	0	9.9	0
1	0	10	-5.551115123125783e-17
